# Number of Fractures
10
# FractureId; NumVertices
0; 4
# Vertices
6.7949650570084286e-01; 2.0959413133064569e-01; 7.7027229455623514e-02; 5.4692960382582068e-01
5.1566886122886846e-01; 9.9389350435296486e-01; 8.6363358811981283e-01; 3.8540894499571632e-01
1.9054542365205804e-01; 1.9054542365205804e-01; 5.9704177318758545e-01; 5.9704177318758545e-01
# FractureId; NumVertices
1; 4
# Vertices
5.5952856500448900e-01; 1.2850957640097640e+00; 1.2754369312946789e+00; 5.4986973228940383e-01
3.0734730003609312e-01; 3.9378095860229478e-01; 4.7486201330943967e-01; 3.8842835474323800e-01
-8.6619310585948128e-02; -8.6619310585948128e-02; 3.9361989787461205e-01; 3.9361989787461216e-01
# FractureId; NumVertices
2; 4
# Vertices
1.3889514091147021e-01; 3.0493433607942311e-01; 3.9771297738018352e-01; 2.3167378221223053e-01
3.2532511435084366e-01; 1.2648915763283695e+00; 1.2484958325957427e+00; 3.0892937061821679e-01
3.0316445711141893e-01; 3.0316445711141893e-01; 9.3223134394306229e-01; 9.3223134394306229e-01
# FractureId; NumVertices
3; 4
# Vertices
1.1703576393608155e+00; 1.8889537283905738e-01; 8.5760163226457409e-02; 1.0672224297482156e+00
8.4910901010356454e-01; 1.0495073714723975e+00; 5.4439687110120150e-01; 3.4399850973236856e-01
1.9471648379405543e-02; 1.9471648379405543e-02; 4.4396472304581652e-01; 4.4396472304581658e-01
# FractureId; NumVertices
4; 4
# Vertices
8.6689626092990846e-01; 8.0672711150466425e-01; 3.0948801747596738e-01; 3.6965716690121142e-01
1.1190198382765304e-01; 1.0396692815319040e+00; 1.0074214825173036e+00; 7.9654184813052531e-02
-6.6465853981275497e-02; -6.6465853981275497e-02; 3.0215171453688017e-01; 3.0215171453688022e-01
# FractureId; NumVertices
5; 4
# Vertices
4.1092145039500427e-02; 5.0655158055665961e-01; 7.6948017985216643e-01; 3.0402074433500714e-01
1.4957207729006705e-01; 5.8719652388187082e-01; 3.0754441952044154e-01; -1.3008002707136235e-01
5.9517393895398174e-01; 5.9517393895398174e-01; 7.7975750607361827e-01; 7.7975750607361827e-01
# FractureId; NumVertices
6; 4
# Vertices
4.5815734863136615e-02; -2.4078841883340674e-01; 3.5305869274491009e-01; 6.3966284644145355e-01
1.4780009821241009e+00; 4.5712238190149840e-01; 2.9040417583671407e-01; 1.3112827760593166e+00
1.9918095081476878e-01; 1.9918095081476878e-01; 5.4451429376263860e-01; 5.4451429376263871e-01
# FractureId; NumVertices
7; 4
# Vertices
4.7555545396717502e-01; -2.0816650937053482e-01; -2.7332867797403376e-01; 4.1039328536367614e-01
7.4375968596190478e-01; -1.8594036404610537e-01; -1.3801866515779926e-01; 7.9168138485021100e-01
2.5236863514713970e-01; 2.5236863514713970e-01; 1.0174676300177388e+00; 1.0174676300177388e+00
# FractureId; NumVertices
8; 4
# Vertices
4.9492804186059458e-01; 2.9047556488748671e-01; 3.7254054446501084e-01; 5.7699302143811870e-01
3.6306974711677248e-01; 1.3329262907797839e+00; 1.3502261568857574e+00; 3.8036961322274593e-01
7.4730885127456237e-02; 7.4730885127456237e-02; 7.3016836467345569e-01; 7.3016836467345581e-01
# FractureId; NumVertices
9; 4
# Vertices
1.6448621719130441e-01; -2.8340281548114132e-02; 3.0480226904691443e-01; 4.9762876778633297e-01
-9.3016540338354381e-02; 5.2500897665488655e-01; 6.2895082022938342e-01; 1.0925303236142381e-02
4.7999122984809550e-01; 4.7999122984809550e-01; 7.3395089425692905e-01; 7.3395089425692905e-01
