# Number of Fractures
200
# FractureId; NumVertices
0 ; 4
# Vertices
7.5379873033619560e-01 ; 1.3193693533682862e+00; 9.5118232718452522e-01; 3.8561170415243434e-01
7.4824465191622336e-02 ; 1.0305704063104839e+00; 1.2484481464422470e+00; 2.9270220532338531e-01
1.1151029967997411e-01 ; 1.1151029967997411e-01; 7.1575364390421514e-01; 7.1575364390421525e-01
# FractureId; NumVertices
1 ; 4
# Vertices
1.3116934731124790e+00 ; 4.7451666569218770e-01; 5.9728046593690776e-01; 1.4344572733571992e+00
-3.9838532000874904e-01 ; 1.0557947673037757e+00; 1.1264703371677507e+00; -3.2770975014477433e-01
-5.0927604813624039e-01 ; -5.0927604813624039e-01; 6.0034976724476596e-01; 6.0034976724476619e-01
# FractureId; NumVertices
2 ; 4
# Vertices
4.3524456208354617e-01 ; -5.2892511726619462e-01; -2.7079409358609269e-01; 6.9337558576364833e-01
2.6844177438130468e-01 ; 1.1458388484581117e+00; 1.4294984521714442e+00; 5.5210137809463700e-01
2.2040543015292152e-01 ; 2.2040543015292152e-01; 1.0002875878621786e+00; 1.0002875878621786e+00
# FractureId; NumVertices
3 ; 4
# Vertices
4.1041701219007098e-01 ; 1.7981644193355792e+00; 1.5155449055613324e+00; 1.2779749841582411e-01
-1.3062264665715417e-01 ; 7.6741877043376017e-01; 1.2041519655679331e+00; 3.0611054847701868e-01
-1.8300184682622955e-02 ; -1.8300184682622955e-02; 9.5317051892529103e-01; 9.5317051892529125e-01
# FractureId; NumVertices
4 ; 4
# Vertices
6.7095661048004462e-01 ; 1.0777473919543581e+00; 6.2552810106487255e-01; 2.1873731959055898e-01
-1.9919390149458505e-01 ; 6.4757481621391788e-01; 8.6482261350680378e-01; 1.8053895798300801e-02
5.3203220859315403e-01 ; 5.3203220859315403e-01; 9.0689425320244765e-01; 9.0689425320244776e-01
# FractureId; NumVertices
5 ; 4
# Vertices
-2.1739132710982267e-02 ; -2.3190147742683453e-01; 1.2022963990965969e-01; 3.3039198462551200e-01
4.1589988541620038e-01 ; 1.4991460867796755e+00; 1.5674636134635462e+00; 4.8421741210007085e-01
4.0274834789734437e-01 ; 4.0274834789734437e-01; 1.0450004359420286e+00; 1.0450004359420286e+00
# FractureId; NumVertices
6 ; 4
# Vertices
3.8796068132604172e-01 ; 1.5024885962128987e-01; 1.1587532893614666e-01; 3.5358715064089852e-01
1.3326866384737632e+00 ; 4.9961696251765669e-01; 5.0942525927052040e-01; 1.3424949352266269e+00
3.6693441853799802e-01 ; 3.6693441853799802e-01; 9.4337447999091883e-01; 9.4337447999091895e-01
# FractureId; NumVertices
7 ; 4
# Vertices
1.0908501419158503e+00 ; 3.7431486471101727e-01; 1.4164461103313486e-02; 7.3069973830814661e-01
1.2878028000021624e-01 ; 1.2200476858763638e+00; 9.8356992809224952e-01; -1.0769747778389815e-01
-4.0046124503719055e-01 ; -4.0046124503719055e-01; 3.5573383782599266e-01; 3.5573383782599277e-01
# FractureId; NumVertices
8 ; 4
# Vertices
8.2237240191213379e-01 ; 6.5515237944730242e-01; 1.2024429094606925e+00; 1.3696629319255240e+00
2.4049819443946019e-02 ; 1.1704646911318912e+00; 1.2502943731988037e+00; 1.0387950151085823e-01
-2.5249550396117160e-01 ; -2.5249550396117160e-01; 2.8662116598560650e-01; 2.8662116598560655e-01
# FractureId; NumVertices
9 ; 4
# Vertices
2.3525431751655734e-01 ; 1.5685193036113467e+00; 1.8060960013298220e+00; 4.7283101523503235e-01
5.6084070012837173e-01 ; 3.3490185365741110e-02; 6.3413943802200179e-01; 1.1614899527846325e+00
-5.4333552152713516e-02 ; -5.4333552152713516e-02; 6.5023695895702494e-01; 6.5023695895702494e-01
# FractureId; NumVertices
10 ; 4
# Vertices
9.3960855447094671e-01 ; -7.2999027136990002e-01; -7.0655525151323872e-01; 9.6304357432760823e-01
6.2242175639268504e-01 ; 5.7658760960941446e-01; -2.7707902067070123e-01; -2.3124487388743076e-01
1.7730288931006055e-01 ; 1.7730288931006055e-01; 8.9183309944478273e-01; 8.9183309944478273e-01
# FractureId; NumVertices
11 ; 4
# Vertices
8.8218489288162649e-01 ; 1.8630997541820227e+00; 1.1719429382621525e+00; 1.9102807696175628e-01
-6.0567072187977999e-01 ; 5.9652070662017576e-01; 1.1604625017058392e+00; -4.1728926794116661e-02
4.1113318452967557e-01 ; 4.1113318452967557e-01; 9.3482520084615295e-01; 9.3482520084615306e-01
# FractureId; NumVertices
12 ; 4
# Vertices
1.5308597044444054e+00 ; 6.4365524398337348e-01; 4.9319425961979213e-01; 1.3803987200808243e+00
5.9839475755393290e-01 ; 7.9310024453861983e-02; 3.3647354312547012e-01; 8.5555827622554115e-01
8.7980488365449472e-02 ; 8.7980488365449472e-02; 7.0508651300673231e-01; 7.0508651300673231e-01
# FractureId; NumVertices
13 ; 4
# Vertices
6.5149826112259890e-02 ; 9.0255048379089065e-01; 9.0209162702690460e-01; 6.4690969348273730e-02
2.6838062396268991e-01 ; 1.3070378888143316e-01; 1.2791285491120119e-01; 2.6558968999245791e-01
5.7550153773279678e-01 ; 5.7550153773279678e-01; 1.1412564012987503e+00; 1.1412564012987503e+00
# FractureId; NumVertices
14 ; 4
# Vertices
1.1323925285096836e+00 ; 7.0766848482300015e-01; 5.4023572180122859e-01; 9.6495976548791207e-01
4.0627444797815337e-01 ; 1.4341607005724804e+00; 1.3649772476595181e+00; 3.3709099506519091e-01
3.8507233474214042e-01 ; 3.8507233474214042e-01; 1.1040516980390389e+00; 1.1040516980390391e+00
# FractureId; NumVertices
15 ; 4
# Vertices
2.5486759040384876e-01 ; -2.4698063658924035e-01; -5.7042191878886428e-02; 4.4480603511420275e-01
6.0925972131670902e-01 ; -1.7079003041860619e-01; -2.9298771268651863e-01; 4.8706203904879664e-01
7.3706800413630957e-01 ; 7.3706800413630957e-01; 1.3127064955813401e+00; 1.3127064955813401e+00
# FractureId; NumVertices
16 ; 4
# Vertices
2.1082154906692685e-02 ; 9.2494441221009116e-01; 8.0366311817616332e-01; -1.0019913912723521e-01
-1.6051183825234816e-01 ; 6.9048764914973651e-02; 5.4657662763052151e-01; 3.1701602446319971e-01
3.4550508567332661e-01 ; 3.4550508567332661e-01; 7.2468286503378421e-01; 7.2468286503378421e-01
# FractureId; NumVertices
17 ; 4
# Vertices
6.6993716606730358e-01 ; 1.1171233928561959e+00; 1.2613104103562067e+00; 8.1412418356731442e-01
-2.6950632465540597e-01 ; 6.0557514500438536e-01; 5.3189235026660930e-01; -3.4318911939318203e-01
-1.3248282786203103e-02 ; -1.3248282786203103e-02; 6.2157461006425763e-01; 6.2157461006425774e-01
# FractureId; NumVertices
18 ; 4
# Vertices
6.9352294606414544e-01 ; 1.2908118177921362e+00; 9.6102147214925626e-01; 3.6373260042126548e-01
-2.8148038089892452e-01 ; 3.6829937849973687e-01; 6.7144840800800454e-01; 2.1668648609343116e-02
-1.3244832286614955e-01 ; -1.3244832286614955e-01; 2.4905773832315872e-01; 2.4905773832315878e-01
# FractureId; NumVertices
19 ; 4
# Vertices
8.3823676952352555e-01 ; 1.1538464689273411e+00; 1.1910262655965771e+00; 8.7541656619276143e-01
-1.9538011674609246e-01 ; 1.0606872670248839e+00; 1.0513451691388265e+00; -2.0472221463214990e-01
1.9299547775080828e-01 ; 1.9299547775080828e-01; 1.0555519178406807e+00; 1.0555519178406809e+00
# FractureId; NumVertices
20 ; 4
# Vertices
1.3878357246993689e-01 ; 5.5942722708513770e-01; 1.2100755936408176e+00; 7.8943193902561692e-01
-2.1296413459731067e-01 ; 1.0130667151602397e+00; 7.8983325669423576e-01; -4.3619759306331485e-01
5.5075736096349526e-01 ; 5.5075736096349526e-01; 1.0737596607224720e+00; 1.0737596607224720e+00
# FractureId; NumVertices
21 ; 4
# Vertices
3.6534735208651520e-01 ; 6.3482673744067020e-02; -4.0535319208033038e-01; -1.0348851373788229e-01
1.4443079641285588e+00 ; 3.7207191913411286e-01; 5.0406243418270724e-01; 1.5762984791771535e+00
1.3398008543537920e-01 ; 1.3398008543537920e-01; 6.9455445304115448e-01; 6.9455445304115460e-01
# FractureId; NumVertices
22 ; 4
# Vertices
8.1371515915606862e-01 ; 1.1727734370835694e+00; 9.6833448598999217e-01; 6.0927620806249128e-01
-7.8768945521755507e-02 ; 8.4277893471960852e-01; 9.2243350210002373e-01; 8.8562185865959098e-04
-2.6916518765364039e-01 ; -2.6916518765364039e-01; 3.5260934781750491e-01; 3.5260934781750503e-01
# FractureId; NumVertices
23 ; 4
# Vertices
1.7781612037552270e+00 ; 7.3374722288797334e-01; 1.9398367122168625e-01; 1.2383976520889399e+00
-1.5281629137046171e-02 ; 9.1515446361433916e-01; 3.0927018621511104e-01; -6.2116590653627446e-01
8.7088757096088487e-03 ; 8.7088757096088487e-03; 4.6818726363551333e-01; 4.6818726363551338e-01
# FractureId; NumVertices
24 ; 4
# Vertices
6.5256135304335805e-01 ; 1.0908541475927203e+00; 7.4780539383805444e-01; 3.0951259928869224e-01
3.6488376893063479e-01 ; 1.3962691827085607e+00; 1.5420496009123252e+00; 5.1066418713439909e-01
-2.1164204070808357e-01 ; -2.1164204070808357e-01; 4.3583308811261040e-01; 4.3583308811261051e-01
# FractureId; NumVertices
25 ; 4
# Vertices
6.4062828088969881e-01 ; 9.7795230155277113e-01; 9.3670961160576804e-01; 5.9938559094269572e-01
2.4822155030564585e-01 ; 1.8175497820238702e+00; 1.8264148172119847e+00; 2.5708658549376040e-01
-2.7991564515990824e-01 ; -2.7991564515990824e-01; 7.8936752283577905e-01; 7.8936752283577927e-01
# FractureId; NumVertices
26 ; 4
# Vertices
8.4227795238504188e-01 ; 1.3782592039102974e+00; 7.0233877621477026e-01; 1.6635752468951459e-01
-3.9329190826185201e-01 ; 9.9550042595482169e-01; 1.2563606480643235e+00; -1.3243168615235046e-01
9.3785742226410507e-02 ; 9.3785742226410507e-02; 7.7200496913744421e-01; 7.7200496913744432e-01
# FractureId; NumVertices
27 ; 4
# Vertices
4.3929471390545582e-01 ; 8.7733073511670301e-01; 3.1929380985108097e-01; -1.1874221136016644e-01
6.4936106622602285e-01 ; -2.4807894998685742e-01; -5.2045400571908151e-01; 3.7698601049379876e-01
4.1035865958343387e-01 ; 4.1035865958343387e-01; 6.5044108196042716e-01; 6.5044108196042716e-01
# FractureId; NumVertices
28 ; 4
# Vertices
1.1815782220872997e+00 ; 1.3809328424864642e-01; 1.6669225191042714e-01; 1.2101771897490805e+00
-6.7144020844641106e-03 ; 3.8945063394396862e-01; 4.6477932092749419e-01; 6.8614284899061406e-02
8.2450472044312328e-02 ; 8.2450472044312328e-02; 8.2218010709607725e-01; 8.2218010709607747e-01
# FractureId; NumVertices
29 ; 4
# Vertices
4.0870173145341543e-01 ; -1.5287627155609712e-01; -1.4524355075551709e-01; 4.1633445225399551e-01
-1.4606555732416149e-02 ; 8.0490864052709354e-01; 8.1013901102453301e-01; -9.3761852349767971e-03
5.8929312231865238e-01 ; 5.8929312231865238e-01; 1.2515392585547214e+00; 1.2515392585547216e+00
# FractureId; NumVertices
30 ; 4
# Vertices
1.3176605829753383e+00 ; 1.5153639585145950e-01; 1.4388265418858526e-01; 1.3100068413124641e+00
5.6161175021012355e-01 ; 7.1078617557040302e-01; 6.5095545556917245e-01; 5.0178103020889286e-01
1.2950498735934901e-01 ; 1.2950498735934901e-01; 9.1093173536952432e-01; 9.1093173536952432e-01
# FractureId; NumVertices
31 ; 4
# Vertices
7.4982848653473799e-01 ; -4.9592365429783269e-01; -7.9852291064931558e-01; 4.4722923018325522e-01
3.2865221054923072e-01 ; 8.5495320897085758e-01; 1.3870210447986325e-01; -3.8759889394176378e-01
7.6868057092960718e-01 ; 7.6868057092960718e-01; 1.2250341080587817e+00; 1.2250341080587817e+00
# FractureId; NumVertices
32 ; 4
# Vertices
-1.0674196008865350e-01 ; 6.7806747512959409e-01; 6.0704944640104708e-01; -1.7775998881720068e-01
7.4098490420321128e-02 ; 1.1020499409087785e+00; 1.1562700297955448e+00; 1.2831857930708729e-01
2.2545719099264971e-01 ; 2.2545719099264971e-01; 1.0830111886890201e+00; 1.0830111886890201e+00
# FractureId; NumVertices
33 ; 4
# Vertices
-3.6520315443663820e-01 ; 3.9975646293389389e-01; 3.4862706945042315e-01; -4.1633254792010899e-01
1.0100824231046583e+00 ; 5.4761279510419913e-01; 4.6304092506679123e-01; 9.2551055306725050e-01
7.1877929682328467e-01 ; 7.1877929682328467e-01; 1.3064551284218617e+00; 1.3064551284218617e+00
# FractureId; NumVertices
34 ; 4
# Vertices
-6.4516202040743742e-01 ; 7.3125292154443555e-01; 7.4273721037573626e-01; -6.3367773157613694e-01
2.1692146843542132e-01 ; 5.9425689468946497e-02; 1.5979121576319658e-01; 3.1728699472967142e-01
-2.4943625730400959e-01 ; -2.4943625730400959e-01; 6.6862001677956862e-01; 6.6862001677956884e-01
# FractureId; NumVertices
35 ; 4
# Vertices
1.1647988070007353e+00 ; 8.1788275114334075e-01; 5.5974672845240037e-01; 9.0666278430979486e-01
-2.6323855705831650e-01 ; 5.2051404246524835e-01; 4.0625409497532189e-01; -3.7749850454824302e-01
4.4885823771190825e-01 ; 4.4885823771190825e-01; 9.4565572294289568e-01; 9.4565572294289579e-01
# FractureId; NumVertices
36 ; 4
# Vertices
1.2690069681527647e+00 ; 2.4932640305884302e-01; 1.6740914731306522e-01; 1.1870897124069870e+00
7.0175906832075863e-02 ; -8.0390395874671450e-02; 4.7437804917697624e-01; 6.2494435188372366e-01
6.5190233313042967e-02 ; 6.5190233313042967e-02; 4.6231440723778494e-01; 4.6231440723778494e-01
# FractureId; NumVertices
37 ; 4
# Vertices
3.7153168625423560e-01 ; 3.3074275654883428e-01; 2.1877114908209200e-01; 2.5956007878749326e-01
-3.3972379686272741e-01 ; 9.3736345784392183e-01; 9.3378719317670389e-01; -3.4330006152994536e-01
2.7021178106303739e-01 ; 2.7021178106303739e-01; 1.1146385094648044e+00; 1.1146385094648046e+00
# FractureId; NumVertices
38 ; 4
# Vertices
1.0709616960459514e+00 ; 1.6536235847895071e+00; 9.3753569335196374e-01; 3.5487380460840789e-01
1.1888563132264462e+00 ; -1.0976809654456021e-02; -3.5872277146751819e-01; 8.4111035141338419e-01
5.2044154758771743e-01 ; 5.2044154758771743e-01; 9.1667317140817384e-01; 9.1667317140817384e-01
# FractureId; NumVertices
39 ; 4
# Vertices
-4.7121832636036559e-01 ; 4.4921697808439215e-01; 4.2837754668688144e-01; -4.9205775775787641e-01
7.3366569231910983e-01 ; 3.3164977282834485e-01; 2.8393686532179485e-01; 6.8595278481255983e-01
-3.1763423201335439e-01 ; -3.1763423201335439e-01; 3.4993803338617807e-01; 3.4993803338617818e-01
# FractureId; NumVertices
40 ; 4
# Vertices
2.9404725339740367e-02 ; 2.7872305318183965e-03; 8.3338264029059161e-01; 8.6000013509851381e-01
-6.1873874565588294e-01 ; 6.7318133183055939e-01; 6.9029413113758165e-01; -6.0162594634886080e-01
1.1141692837482538e-01 ; 1.1141692837482538e-01; 3.3931302240246652e-01; 3.3931302240246658e-01
# FractureId; NumVertices
41 ; 4
# Vertices
6.3981258411153041e-01 ; -1.4973530614979280e-01; 9.4878359776808363e-02; 8.8442625003813169e-01
-4.7306193564893467e-01 ; 7.8785214617218213e-01; 9.4102214137320006e-01; -3.1989194044791697e-01
-2.8351895485649670e-01 ; -2.8351895485649670e-01; 6.6536862390274676e-01; 6.6536862390274687e-01
# FractureId; NumVertices
42 ; 4
# Vertices
1.2718265777237001e+00 ; 4.9265720071233193e-01; 3.2293102773006521e-01; 1.1021004047414333e+00
6.9613226375352122e-01 ; 1.2271717561014603e+00; 9.7814049125069369e-01; 4.4710099890275445e-01
4.1213959584631765e-01 ; 4.1213959584631765e-01; 9.6380571266440729e-01; 9.6380571266440729e-01
# FractureId; NumVertices
43 ; 4
# Vertices
6.9501700034491865e-01 ; 4.9222091267078544e-01; 9.6623077820210268e-01; 1.1690268658762359e+00
-5.1848310922275431e-01 ; 3.5372505877478033e-01; 4.6393653096196225e-01; -4.0827163703557245e-01
7.1283469420316636e-01 ; 7.1283469420316636e-01; 1.0586037364177716e+00; 1.0586037364177718e+00
# FractureId; NumVertices
44 ; 4
# Vertices
6.7629999148079989e-01 ; -1.9935046142607737e-01; -3.7770535727899185e-01; 4.9794509562788547e-01
9.0636255588834724e-01 ; 5.7826471005563507e-01; 1.0542707165424725e+00; 1.3823685623751847e+00
1.4535723907434453e-01 ; 1.4535723907434453e-01; 5.0623856223998986e-01; 5.0623856223998998e-01
# FractureId; NumVertices
45 ; 4
# Vertices
4.9513583830246255e-01 ; 2.9328744578552335e-02; 4.8193640826317485e-01; 9.4774350198708524e-01
1.9837427618080850e-01 ; 1.0778457727002839e+00; 1.3175668566154060e+00; 4.3809536009593053e-01
6.0330379519617283e-01 ; 6.0330379519617283e-01; 1.0250602269220690e+00; 1.0250602269220690e+00
# FractureId; NumVertices
46 ; 4
# Vertices
3.8252890949636248e-01 ; 7.8802057254316726e-01; 4.9558418009605243e-01; 9.0092517049247534e-02
9.9214694680027016e-01 ; 1.1798816098839027e-01; -1.7662845480253042e-02; 8.5649594033162701e-01
4.1853172506897734e-01 ; 4.1853172506897734e-01; 9.7421210220430166e-01; 9.7421210220430177e-01
# FractureId; NumVertices
47 ; 4
# Vertices
4.2158666402823519e-01 ; 2.7042478999889608e-01; 9.0615447862099741e-01; 1.0573163526503366e+00
-2.1352932319250850e-01 ; 1.3270474649361619e+00; 1.3894254598850115e+00; -1.5115132824365884e-01
-4.5774000340230503e-01 ; -4.5774000340230503e-01; 3.5278230747569467e-01; 3.5278230747569478e-01
# FractureId; NumVertices
48 ; 4
# Vertices
7.0066481191887653e-01 ; 1.1703936866394322e+00; 7.6831240920320609e-01; 2.9858353448265040e-01
-2.8791765174048495e-01 ; 4.3995000335085899e-01; 6.9943287042869318e-01; -2.8434784662650758e-02
4.5277804731768057e-01 ; 4.5277804731768057e-01; 7.7608384486554072e-01; 7.7608384486554072e-01
# FractureId; NumVertices
49 ; 4
# Vertices
4.9674750445358029e-01 ; 1.1044943948850601e+00; 1.0737506631869080e+00; 4.6600377275542837e-01
9.5227691709739970e-01 ; -2.5343411431897056e-02; -4.4455541974354140e-02; 9.3316478655494284e-01
-1.0098762504410330e-02 ; -1.0098762504410330e-02; 7.5646623823141579e-01; 7.5646623823141601e-01
# FractureId; NumVertices
50 ; 4
# Vertices
-1.9046753198414101e-01 ; 6.5221486214487523e-01; 6.8876370446095669e-01; -1.5391868966805966e-01
8.9383649238197316e-01 ; 1.2340187825368429e+00; 1.1434818356207117e+00; 8.0329954546584204e-01
6.6695109078213588e-01 ; 6.6695109078213588e-01; 1.2648692960722565e+00; 1.2648692960722567e+00
# FractureId; NumVertices
51 ; 4
# Vertices
-1.3388794444058050e-04 ; 7.0993402858744914e-01; 1.4026678840966720e+00; 6.9259996756478226e-01
1.4748547454012584e-01 ; 1.3622754800159456e+00; 9.5735933543516261e-01; -2.5743067004065712e-01
-3.0167339347046918e-01 ; -3.0167339347046918e-01; 1.8425176143966948e-01; 1.8425176143966956e-01
# FractureId; NumVertices
52 ; 4
# Vertices
1.1403232033760942e+00 ; 5.7100913107770201e-01; 2.0709632552530899e-01; 7.7641039782370103e-01
3.1403650084843626e-01 ; 1.0247986399870337e+00; 7.3330776015252719e-01; 2.2545621013929651e-02
2.6353439958262059e-01 ; 2.6353439958262059e-01; 6.5235171712019557e-01; 6.5235171712019557e-01
# FractureId; NumVertices
53 ; 4
# Vertices
-4.4627681404582786e-01 ; 3.9621977528730451e-01; 6.9052710088180058e-01; -1.5196948845133185e-01
3.8410708161152163e-02 ; 7.2270766970293177e-01; 3.6036071806594150e-01; -3.2393624347583821e-01
1.3883315275698072e-01 ; 1.3883315275698072e-01; 6.9170869642945976e-01; 6.9170869642945987e-01
# FractureId; NumVertices
54 ; 4
# Vertices
5.9579608904144765e-01 ; 2.8994671232795910e-01; -4.4924128235068383e-01; -1.4339190563719531e-01
-2.7848891677017495e-01 ; 1.3891859675365792e+00; 1.2536198631513491e+00; -4.1405502115540527e-01
3.4071148416427666e-02 ; 3.4071148416427666e-02; 8.7838151148845167e-01; 8.7838151148845189e-01
# FractureId; NumVertices
55 ; 4
# Vertices
1.6405492479455847e-01 ; 9.5568443721231322e-01; 8.3228055164544179e-01; 4.0651039227686925e-02
2.5467867404876932e-01 ; 8.6249196581572529e-01; 1.0232159234602953e+00; 4.1540263169333930e-01
4.8569691904144163e-01 ; 4.8569691904144163e-01; 1.1194608730418429e+00; 1.1194608730418432e+00
# FractureId; NumVertices
56 ; 4
# Vertices
6.8106637297565809e-01 ; 1.3819712904825698e+00; 1.3487600941003635e+00; 6.4785517659345149e-01
9.7687077195934879e-01 ; 4.7034920638144168e-01; 4.2439283957992580e-01; 9.3091440515783308e-01
1.4308389547711353e-02 ; 1.4308389547711353e-02; 5.8802845855067265e-01; 5.8802845855067276e-01
# FractureId; NumVertices
57 ; 4
# Vertices
6.3915108545774402e-01 ; 5.1661350633923764e-01; 3.3129422743944370e-03; 1.2585052139290073e-01
-4.3912444618048718e-02 ; 8.7808636470936263e-01; 8.0986652771569734e-01; -1.1213228161171424e-01
6.4835284524305536e-01 ; 6.4835284524305536e-01; 9.8946317502100567e-01; 9.8946317502100578e-01
# FractureId; NumVertices
58 ; 4
# Vertices
7.5529948477024766e-02 ; 1.0959669437742652e+00; 1.1154698137176766e+00; 9.5032818420436205e-02
1.2761574837294404e-01 ; 8.6880949787649153e-02; 5.7544234436668340e-01; 6.1617714295197834e-01
2.3103334464101521e-01 ; 2.3103334464101521e-01; 7.0480667967075472e-01; 7.0480667967075483e-01
# FractureId; NumVertices
59 ; 4
# Vertices
5.8251395299840514e-01 ; -2.3028539872439030e-01; -2.0117520853825821e-01; 6.1162414318453728e-01
7.4566451123095445e-01 ; 1.3051229479405275e+00; 1.3474151758511030e+00; 7.8795673914152986e-01
-3.4785247483715059e-01 ; -3.4785247483715059e-01; 3.0796099735997484e-01; 3.0796099735997495e-01
# FractureId; NumVertices
60 ; 4
# Vertices
1.1077592634622522e+00 ; 2.8899686669376384e-01; 4.5507894938241006e-01; 1.2738413461508984e+00
3.5934378467821410e-01 ; -9.6502626709382699e-02; -3.9480872430161718e-01; 6.1037687085979647e-02
-1.2461529303956559e-01 ; -1.2461529303956559e-01; 3.9857398417067486e-01; 3.9857398417067491e-01
# FractureId; NumVertices
61 ; 4
# Vertices
-3.6540314427015191e-01 ; 1.1250618215132318e+00; 8.1681620289891499e-01; -6.7364876288446895e-01
2.0940186264173533e-01 ; 6.8272186379402711e-01; 1.6533744757318092e+00; 1.1800544745795176e+00
6.3688483549788677e-01 ; 6.3688483549788677e-01; 8.5985315929818273e-01; 8.5985315929818273e-01
# FractureId; NumVertices
62 ; 4
# Vertices
1.1147955334816413e+00 ; -9.3230584646130321e-02; -1.0145173775172245e-01; 1.1065743803760493e+00
1.0553974040877216e+00 ; 8.2690107559587944e-01; 8.7036508982417349e-01; 1.0988614183160157e+00
6.1086211965120929e-02 ; 6.1086211965120929e-02; 8.7952241227719663e-01; 8.7952241227719674e-01
# FractureId; NumVertices
63 ; 4
# Vertices
9.6458245348433169e-01 ; 3.8512380630218512e-01; 4.8134940526664466e-01; 1.0608080524487913e+00
5.9812985702836774e-02 ; 1.5666346750387325e+00; 1.6036388911280381e+00; 9.6817201792142149e-02
-4.2461066676710002e-01 ; -4.2461066676710002e-01; 6.4670615574873935e-01; 6.4670615574873946e-01
# FractureId; NumVertices
64 ; 4
# Vertices
5.7174906829140126e-01 ; 1.3978888511483483e+00; 1.3038742173887874e+00; 4.7773443453184011e-01
-3.2985373959111325e-01 ; 3.0948568393393278e-01; 4.3096924377959994e-01; -2.0837017974544619e-01
-1.7575632345860570e-02 ; -1.7575632345860570e-02; 6.6169475213586537e-01; 6.6169475213586559e-01
# FractureId; NumVertices
65 ; 4
# Vertices
1.3343214378570687e+00 ; 1.5634827328904897e+00; 6.9449135460312639e-01; 4.6533005956970541e-01
-6.0820088727060839e-01 ; 9.4672221858573424e-01; 1.0747923391410128e+00; -4.8013076671533012e-01
3.3463476365484662e-01 ; 3.3463476365484662e-01; 9.0591707518625164e-01; 9.0591707518625175e-01
# FractureId; NumVertices
66 ; 4
# Vertices
5.6913993005903496e-01 ; 1.2547100880322587e-01; 5.3662285705988377e-01; 9.8029177831569303e-01
8.0410025052324918e-01 ; 7.8497300558547894e-02; -1.7290092900658499e-01; 5.5270202095811638e-01
5.3907754304710342e-03 ; 5.3907754304710342e-03; 3.0411859680395603e-01; 3.0411859680395603e-01
# FractureId; NumVertices
67 ; 4
# Vertices
5.7243042445791714e-01 ; -5.0421679491244631e-01; -3.8191167252167590e-01; 6.9473554684868755e-01
3.3070610855564941e-01 ; 7.7650755844513186e-01; 1.0718845025295876e+00; 6.2608305264010533e-01
4.1302229165471355e-01 ; 4.1302229165471355e-01; 1.1210538298936354e+00; 1.1210538298936354e+00
# FractureId; NumVertices
68 ; 4
# Vertices
2.7708984991019614e-01 ; -4.3657928885148528e-01; -6.2671277457907432e-02; 6.5099786130377413e-01
7.8605774364190895e-01 ; -3.6919279624118512e-01; -6.0017871596588090e-01; 5.5507182391721321e-01
-1.8372350355322858e-01 ; -1.8372350355322858e-01; 6.0770660378592734e-01; 6.0770660378592756e-01
# FractureId; NumVertices
69 ; 4
# Vertices
2.5598175919309318e-01 ; -8.6804955132165407e-02; 2.0083673004407651e-01; 5.4362344436933507e-01
1.2410842595870750e+00 ; 3.6730866809145946e-01; 2.5446533723602294e-01; 1.1282409287316386e+00
6.9544991882426943e-01 ; 6.9544991882426943e-01; 1.2395806073663469e+00; 1.2395806073663471e+00
# FractureId; NumVertices
70 ; 4
# Vertices
1.6270601787812735e+00 ; 2.4414908337997976e-01; 1.3614647462213059e-01; 1.5190575700234243e+00
-1.9382641186629329e-01 ; 5.2170899272620663e-01; 3.1297298186651429e-01; -4.0256242272598569e-01
-2.6419304447763198e-01 ; -2.6419304447763198e-01; 7.4689099865431285e-01; 7.4689099865431308e-01
# FractureId; NumVertices
71 ; 4
# Vertices
-2.8945635485474724e-01 ; 5.3837118389883432e-01; 7.3904843575097701e-01; -8.8779103002604665e-02
1.1000655584838195e+00 ; 8.1286874839077927e-02; 2.4435090253375380e-01; 1.2631295861784957e+00
3.7932617389964596e-01 ; 3.7932617389964596e-01; 1.2153938633323760e+00; 1.2153938633323762e+00
# FractureId; NumVertices
72 ; 4
# Vertices
1.2627004200723664e+00 ; 9.6482185282882471e-01; 4.4129759032178228e-01; 7.3917615756532373e-01
1.1153439940684924e+00 ; -2.4318518073258599e-01; -1.2839437599652759e-01; 1.2301347988045510e+00
-2.2700039811160921e-01 ; -2.2700039811160921e-01; 5.2960322612454913e-01; 5.2960322612454913e-01
# FractureId; NumVertices
73 ; 4
# Vertices
-2.0056506918739364e-01 ; 4.4880621023458611e-01; 6.2606099913136981e-01; -2.3310280290609997e-02
4.0806250881049239e-01 ; 1.3404626740985224e+00; 1.2170133512275640e+00; 2.8461318593953366e-01
-1.0102490845225226e-01 ; -1.0102490845225226e-01; 6.2502081612038618e-01; 6.2502081612038629e-01
# FractureId; NumVertices
74 ; 4
# Vertices
2.5508580871429931e-01 ; 1.5801592749218329e+00; 1.7064647072250909e+00; 3.8139124101755728e-01
9.6149554052263597e-01 ; 1.2056556522818260e+00; 5.2018751509491867e-01; 2.7602740333572873e-01
-2.4125481795341935e-01 ; -2.4125481795341935e-01; 3.2534897661125772e-01; 3.2534897661125783e-01
# FractureId; NumVertices
75 ; 4
# Vertices
8.1691792104667682e-01 ; 1.2117799923008463e-01; -1.5295428524070520e-01; 5.4278563657588697e-01
1.1634054073088622e+00 ; 4.6704186136302267e-01; 7.4092864833728622e-01; 1.4372921942831258e+00
3.2054626468917879e-01 ; 3.2054626468917879e-01; 8.5016274799595681e-01; 8.5016274799595681e-01
# FractureId; NumVertices
76 ; 4
# Vertices
-1.3018173568562069e-01 ; 3.8392760259116943e-01; 4.5055509665152710e-01; -6.3554241625262964e-02
5.6966191620833961e-01 ; 1.3499059104047686e+00; 1.3060044934926280e+00; 5.2576049929619906e-01
3.9646836875210117e-01 ; 3.9646836875210117e-01; 1.0142652962279215e+00; 1.0142652962279215e+00
# FractureId; NumVertices
77 ; 4
# Vertices
4.7685343429629690e-01 ; -3.6011916771244462e-01; -3.4425592429987495e-02; 8.0254700957875436e-01
-2.0824713855427002e-01 ; 2.9377243491112115e-01; 8.3677237668626181e-01; 3.3475280322087059e-01
4.7730290456767732e-01 ; 4.7730290456767732e-01; 6.2706567211464570e-01; 6.2706567211464570e-01
# FractureId; NumVertices
78 ; 4
# Vertices
7.6923444432086818e-01 ; 6.2777670020231802e-01; 4.9070563024760350e-01; 6.3216337436615366e-01
1.6314104530309403e-01 ; 1.2991184136989511e+00; 1.2820496191268458e+00; 1.4607225073098851e-01
4.1534886200106813e-02 ; 4.1534886200106813e-02; 7.9209771959135389e-01; 7.9209771959135411e-01
# FractureId; NumVertices
79 ; 4
# Vertices
2.3650579492366461e-01 ; 1.0309593886249169e+00; 7.0366122661844899e-01; -9.0792367082803527e-02
-5.2540164766730424e-01 ; 6.2184609518119482e-01; 8.4849565944378580e-01; -2.9875208340471338e-01
2.4136313598208287e-01 ; 2.4136313598208287e-01; 1.0821886944241108e+00; 1.0821886944241110e+00
# FractureId; NumVertices
80 ; 4
# Vertices
-2.0216521472713189e-01 ; 4.9574471597214054e-01; 8.6988251054824473e-01; 1.7197257984897235e-01
-1.6340342377383232e-01 ; 5.0340411876529456e-01; 1.1181514349621868e-01; -5.5499239904290831e-01
4.9157000384964239e-01 ; 4.9157000384964239e-01; 8.3909348773717052e-01; 8.3909348773717063e-01
# FractureId; NumVertices
81 ; 4
# Vertices
2.7453599220648539e-01 ; 1.1854264095047129e+00; 1.4665201342812060e+00; 5.5562971698297847e-01
8.1329930994905997e-01 ; 1.2809461455250697e+00; 7.3342703327405590e-01; 2.6578019769804595e-01
5.5287481317215104e-01 ; 5.5287481317215104e-01; 8.4812271599662115e-01; 8.4812271599662115e-01
# FractureId; NumVertices
82 ; 4
# Vertices
1.1257608187844013e+00 ; 1.7941280132262821e-01; 6.5230745397700796e-02; 1.0115787628594741e+00
9.9362245551093342e-01 ; -9.3013053133584656e-02; 6.4278002111163857e-03; 1.0930633088556347e+00
1.7776666990206647e-01 ; 1.7776666990206647e-01; 1.1263955616494807e+00; 1.1263955616494810e+00
# FractureId; NumVertices
83 ; 4
# Vertices
3.2775490192097323e-01 ; 4.0551929725612440e-01; 7.8362598065117928e-01; 7.0586158531602816e-01
-9.3052306591671963e-02 ; 1.0732877356896320e+00; 1.0480779027588474e+00; -1.1826213952245657e-01
6.5812214170473604e-01 ; 6.5812214170473604e-01; 1.3390678716603230e+00; 1.3390678716603230e+00
# FractureId; NumVertices
84 ; 4
# Vertices
1.4527608665648784e-01 ; 1.5706789429256149e+00; 1.7892377203222867e+00; 3.6383486405315935e-01
6.8814724645760217e-01 ; 1.5712164149450918e+00; 1.2184305668132902e+00; 3.3536139832580059e-01
-3.4497441330425344e-01 ; -3.4497441330425344e-01; 6.9298863953854450e-01; 6.9298863953854473e-01
# FractureId; NumVertices
85 ; 4
# Vertices
-8.7074297498180797e-02 ; 7.4842371679948783e-01; 6.0735369965581765e-01; -2.2814431464185098e-01
2.7587482658669266e-01 ; 6.7469685177438077e-01; 9.7022646587983830e-01; 5.7140444069215013e-01
4.7281286470219475e-01 ; 4.7281286470219475e-01; 9.9597814936942552e-01; 9.9597814936942552e-01
# FractureId; NumVertices
86 ; 4
# Vertices
3.2728755795491893e-01 ; 1.4354357189679439e+00; 1.2488409552530968e+00; 1.4069279424007186e-01
1.1756189108421125e+00 ; 3.3349253630245218e-01; 8.7953801836026080e-02; 9.3008017637568619e-01
-2.3298809242267676e-01 ; -2.3298809242267676e-01; 6.4214458488878112e-01; 6.4214458488878123e-01
# FractureId; NumVertices
87 ; 4
# Vertices
2.6752816245244637e-01 ; 1.1808128694374935e+00; 1.3008250087313833e+00; 3.8754030174633591e-01
5.6364017913776532e-01 ; 1.3763710380957355e+00; 1.2415105855097501e+00; 4.2877972655177987e-01
-3.2366942094124457e-01 ; -3.2366942094124457e-01; 4.7111701600720890e-01; 4.7111701600720901e-01
# FractureId; NumVertices
88 ; 4
# Vertices
4.3134208700108478e-02 ; 3.6855387906822418e-01; 6.8906448852469038e-01; 3.6364481815657479e-01
4.5684382586301997e-01 ; 1.3449004635685906e+00; 1.2274524850834760e+00; 3.3939584737790529e-01
3.5510806973607495e-01 ; 3.5510806973607495e-01; 8.8525275739974651e-01; 8.8525275739974663e-01
# FractureId; NumVertices
89 ; 4
# Vertices
-5.6960438607581709e-03 ; 7.3247537304717159e-01; 1.1576165190852536e+00; 4.1944510217732378e-01
4.0321079912038083e-01 ; 1.1751756289043347e+00; 7.6864539585651392e-01; -3.3194339274400519e-03
2.4351631175960622e-01 ; 2.4351631175960622e-01; 6.4479212944400088e-01; 6.4479212944400088e-01
# FractureId; NumVertices
90 ; 4
# Vertices
-2.2512085386988695e-01 ; 6.1299321808860316e-02; 2.7503446249114960e-01; -1.1385713187597707e-02
-3.1441970982433159e-01 ; 6.6657039795071826e-01; 6.0416604131373897e-01; -3.7682406646131095e-01
1.3182883335964796e-01 ; 1.3182883335964796e-01; 7.7571627241381591e-01; 7.7571627241381602e-01
# FractureId; NumVertices
91 ; 4
# Vertices
6.0850684106299546e-01 ; -4.4007730661020550e-01; -6.0765857524979550e-01; 4.4092557242340552e-01
1.4491044951565463e-01 ; 6.3274650696078982e-01; 2.7253725415827246e-01; -2.1529880328686291e-01
3.5099352940144118e-01 ; 3.5099352940144118e-01; 1.0117627148672190e+00; 1.0117627148672192e+00
# FractureId; NumVertices
92 ; 4
# Vertices
-5.3528231685037175e-02 ; 1.0335089798678359e+00; 1.1225147504251360e+00; 3.5477538872263015e-02
5.8609859538372444e-01 ; 1.3987465574817579e+00; 1.2796881347067426e+00; 4.6704017260870900e-01
3.5646019774187249e-01 ; 3.5646019774187249e-01; 1.2489793554183259e+00; 1.2489793554183262e+00
# FractureId; NumVertices
93 ; 4
# Vertices
1.0284793153696596e+00 ; 2.8401859224573744e-01; 5.9685528005884503e-01; 1.3413160031827673e+00
4.5471140677102651e-01 ; -2.5736459939144557e-02; -5.1048130525142876e-01; -3.0033438541257729e-02
2.6886514353338847e-01 ; 2.6886514353338847e-01; 3.9562320657468686e-01; 3.9562320657468691e-01
# FractureId; NumVertices
94 ; 4
# Vertices
1.6941783710075471e+00 ; 8.2170841797727712e-01; 2.7800556166582280e-01; 1.1504755146960925e+00
1.7215117519205264e-01 ; 1.2466875442369303e+00; 8.0522793507532897e-01; -2.6930843396954895e-01
3.8104202548579397e-01 ; 3.8104202548579397e-01; 9.8185947483866731e-01; 9.8185947483866742e-01
# FractureId; NumVertices
95 ; 4
# Vertices
-3.9579864073550181e-01 ; 8.7461296417429835e-01; 5.6678854771665754e-01; -7.0362305719314289e-01
-4.9738561249200558e-01 ; 1.1618201975061709e-01; 7.5354241882026085e-01; 1.3997478657763812e-01
9.6403049280637143e-02 ; 9.6403049280637143e-02; 7.1579219225170698e-01; 7.1579219225170698e-01
# FractureId; NumVertices
96 ; 4
# Vertices
3.1932522421796716e-01 ; 6.9643218406351526e-01; 8.3483977613574445e-01; 4.5773281629019635e-01
6.0260227829936663e-01 ; 1.5261571216789624e+00; 1.4696423768968290e+00; 5.4608753351723316e-01
5.5894514940094964e-01 ; 5.5894514940094964e-01; 1.2069761526275824e+00; 1.2069761526275826e+00
# FractureId; NumVertices
97 ; 4
# Vertices
7.8271239444036023e-01 ; -1.2928230839473071e-01; 1.4872264153002063e-01; 1.0607173443651117e+00
2.3467640176580218e-01 ; 7.3435692996384350e-01; 1.2417592147949654e+00; 7.4207868659692400e-01
6.8189233386474879e-01 ; 6.8189233386474879e-01; 1.0638413408637346e+00; 1.0638413408637346e+00
# FractureId; NumVertices
98 ; 4
# Vertices
-1.1147413958192998e-01 ; -5.5601998343630055e-02; 1.8134775264710856e-02; -3.7737365973589065e-02
-6.4624557374811764e-02 ; 1.0693142000111524e+00; 1.0656809954816602e+00; -6.8257761904304215e-02
-1.4941965653592298e-01 ; -1.4941965653592298e-01; 6.0384747912921288e-01; 6.0384747912921299e-01
# FractureId; NumVertices
99 ; 4
# Vertices
-3.2214871647535170e-01 ; 2.3820347134752112e-01; 9.5730343992884637e-01; 3.9695125210597360e-01
8.4340390666033449e-01 ; -2.7005544202199844e-01; 9.1834052313609360e-02; 1.2052934009959424e+00
5.2399484848842004e-01 ; 5.2399484848842004e-01; 7.3015720197242051e-01; 7.3015720197242051e-01
# FractureId; NumVertices
100 ; 4
# Vertices
7.8558232225654512e-01 ; 1.7904566031585023e-02; -5.4229395190368124e-01; 2.2538380432127880e-01
-3.0380974061248633e-01 ; 7.3238574311229976e-01; 3.1735600399087843e-01; -7.1883947973390794e-01
3.4059745613599335e-01 ; 3.4059745613599335e-01; 8.4364067240499518e-01; 8.4364067240499541e-01
# FractureId; NumVertices
101 ; 4
# Vertices
4.1272822761079375e-01 ; 1.3978353178404259e+00; 1.2464691435211581e+00; 2.6136205329152573e-01
1.2198543769721231e+00 ; 3.6147620594899710e-01; 1.8776268832177856e-01; 1.0461408593449044e+00
1.2560149392107378e-01 ; 1.2560149392107378e-01; 9.6565462123760382e-01; 9.6565462123760404e-01
# FractureId; NumVertices
102 ; 4
# Vertices
7.1286906324111843e-01 ; -1.9183623515255799e-01; -1.3574736906075557e-01; 7.6895792933292095e-01
-2.9883302451984245e-01 ; 1.6431599118426310e-01; 2.7387877252150394e-01; -1.8927024318260166e-01
5.8118212752465936e-01 ; 5.8118212752465936e-01; 1.2474857849572771e+00; 1.2474857849572771e+00
# FractureId; NumVertices
103 ; 4
# Vertices
1.0745372799890451e+00 ; 1.0685002196237203e-01; -1.0623056455128732e-02; 9.5706420157154448e-01
-1.9993548932318084e-02 ; 3.5954535355648293e-01; 6.0031389637757171e-02; -3.1950751285104390e-01
-7.0326799902080905e-02 ; -7.0326799902080905e-02; 5.4343181920749206e-01; 5.4343181920749228e-01
# FractureId; NumVertices
104 ; 4
# Vertices
1.0561742294606391e+00 ; -2.1783492317808473e-01; -8.0512107538112976e-01; 4.6888807725759402e-01
4.2266201034190354e-01 ; 1.3951827296074240e+00; 6.2583363677809212e-01; -3.4668708248742852e-01
6.9897848205165564e-02 ; 6.9897848205165564e-02; 5.2258808087240693e-01; 5.2258808087240705e-01
# FractureId; NumVertices
105 ; 4
# Vertices
4.0265884362051474e-01 ; 3.9425689084379534e-01; 8.2578070511915103e-01; 8.3418265789587043e-01
-5.2117822162951954e-01 ; 6.1466144195841643e-01; 6.1785347937866175e-01; -5.1798618420927434e-01
-2.3760680551503377e-01 ; -2.3760680551503377e-01; 3.8464737747642203e-01; 3.8464737747642214e-01
# FractureId; NumVertices
106 ; 4
# Vertices
-4.8134861226755232e-01 ; 9.3528562563742090e-01; 9.5040428963747581e-01; -4.6622994826749764e-01
8.4405802963600440e-01 ; 7.0946546148310852e-01; 8.6859473100955487e-01; 1.0031872991624509e+00
5.2505287207460349e-01 ; 5.2505287207460349e-01; 1.4601651414980186e+00; 1.4601651414980186e+00
# FractureId; NumVertices
107 ; 4
# Vertices
7.8891405744209830e-01 ; 6.0396206295956900e-01; 5.5622312314589384e-01; 7.4117511762842314e-01
3.9009701913997935e-01 ; 1.3305964706079370e+00; 1.3212084671176219e+00; 3.8070901564966425e-01
3.4444133593190113e-01 ; 3.4444133593190113e-01; 9.8159486400655149e-01; 9.8159486400655160e-01
# FractureId; NumVertices
108 ; 4
# Vertices
4.1331050256622326e-01 ; 9.6997368757168390e-01; 1.0105299844673941e+00; 4.5386679946193331e-01
2.4252465692780723e-01 ; 1.2775522006158226e+00; 1.2557400299739196e+00; 2.2071248628590401e-01
8.5934082472646001e-02 ; 8.5934082472646001e-02; 8.6806354141286257e-01; 8.6806354141286279e-01
# FractureId; NumVertices
109 ; 4
# Vertices
1.1872421235737360e+00 ; 5.5695584001369924e-01; 3.6861744435137300e-01; 9.9890372791140980e-01
-3.0987035483612096e-01 ; 6.4932580826403252e-01; 5.2556894598676696e-01; -4.3362721711338664e-01
2.9042332076620780e-01 ; 2.9042332076620780e-01; 1.0216466719636348e+00; 1.0216466719636350e+00
# FractureId; NumVertices
110 ; 4
# Vertices
1.1871469575027964e+00 ; 3.6609161191717754e-02; -2.9793377685720146e-01; 8.5260401945387709e-01
1.0776257593753074e+00 ; -5.8805590155746823e-02; 2.7989000713930040e-01; 1.4163213566703550e+00
6.6428398016465606e-02 ; 6.6428398016465606e-02; 1.0337356895634831e+00; 1.0337356895634833e+00
# FractureId; NumVertices
111 ; 4
# Vertices
-2.5470855625317368e-02 ; -1.6853849539270638e-01; 9.3230742338446401e-02; 2.3629838210583545e-01
6.5670821307513061e-02 ; 9.3279215360608481e-01; 9.7598184991609260e-01; 1.0886051761752075e-01
4.0379636480535347e-01 ; 4.0379636480535347e-01; 9.2618135105125243e-01; 9.2618135105125254e-01
# FractureId; NumVertices
112 ; 4
# Vertices
7.5002947168892706e-02 ; 4.9148799055314507e-01; 3.1790546275678155e-01; -9.8579580627470853e-02
4.9308934090650591e-01 ; 1.4941561795449310e+00; 1.5663736617645461e+00; 5.6530682312612091e-01
2.0017508593518751e-01 ; 2.0017508593518751e-01; 8.9812940622400372e-01; 8.9812940622400395e-01
# FractureId; NumVertices
113 ; 4
# Vertices
8.6332423913341350e-01 ; 1.0943295751130899e+00; 1.0625514506303262e+00; 8.3154611465064965e-01
1.2643976997188044e-01 ; 1.2004662244412376e+00; 1.2073011737037973e+00; 1.3327471923444012e-01
3.8173694288061483e-01 ; 3.8173694288061483e-01; 1.1134074872181627e+00; 1.1134074872181627e+00
# FractureId; NumVertices
114 ; 4
# Vertices
-3.1673213016365681e-01 ; 5.0207266999951927e-01; 5.3805889265471640e-01; -2.8074590750845979e-01
7.2010101256269610e-01 ; 1.0436966202387150e+00; 9.5263947622668321e-01; 6.2904386855066430e-01
2.3583030640014319e-01 ; 2.3583030640014319e-01; 8.1455917854056548e-01; 8.1455917854056559e-01
# FractureId; NumVertices
115 ; 4
# Vertices
1.6254193732974580e+00 ; 7.4633461738923701e-01; 1.0441065627912827e-01; 9.8349541218734915e-01
6.5755370944002134e-02 ; 1.2912305015126107e+00; 8.3075149660429770e-01; -3.9472363396431120e-01
7.4197617006818262e-01 ; 7.4197617006818262e-01; 1.3639221879625258e+00; 1.3639221879625261e+00
# FractureId; NumVertices
116 ; 4
# Vertices
1.2718590709800743e+00 ; -2.0251593664979339e-01; -1.8597201599754676e-01; 1.2884029916323212e+00
1.3932452083703528e-01 ; 1.8593667481299544e-01; 7.0923244763791893e-01; 6.6262029366195885e-01
-2.3130887007870282e-01 ; -2.3130887007870282e-01; 6.0114452665388263e-01; 6.0114452665388285e-01
# FractureId; NumVertices
117 ; 4
# Vertices
1.5739341348538147e+00 ; 9.0160191427515213e-01; 5.3740763039040840e-01; 1.2097398509690709e+00
1.1115345112773507e+00 ; 3.1121582826901772e-01; 6.1716839042323146e-01; 1.4174870734315643e+00
-1.9612778955448212e-01 ; -1.9612778955448212e-01; 3.1311592163499324e-01; 3.1311592163499330e-01
# FractureId; NumVertices
118 ; 4
# Vertices
-1.6625458986684408e-01 ; -2.5073386307105022e-01; 2.2136777427397558e-01; 3.0584704747818181e-01
-6.4727254767730358e-01 ; 6.8429312201480408e-01; 7.1424493296127123e-01; -6.1732073673083665e-01
-3.1377681498897347e-01 ; -3.1377681498897347e-01; 4.3949913552092845e-01; 4.3949913552092862e-01
# FractureId; NumVertices
119 ; 4
# Vertices
1.2409376298635716e-01 ; 9.2671818989427823e-01; 7.4750556131064272e-01; -5.5118865597278466e-02
-2.9153825779185200e-01 ; 1.2207993708431447e-01; 4.6984131483189440e-01; 5.6223119955727902e-02
-2.1752107050493552e-01 ; -2.1752107050493552e-01; 2.3996574148917235e-01; 2.3996574148917243e-01
# FractureId; NumVertices
120 ; 4
# Vertices
-2.8528296562301603e-02 ; -5.3155768970541950e-01; 1.4743050176681061e-01; 6.5045989490992873e-01
-5.5684866522051690e-01 ; 5.0296437539783589e-01; 8.2523915860708952e-01; -2.3457388201126345e-01
2.8498938220330877e-01 ; 2.8498938220330877e-01; 5.0126980851777303e-01; 5.0126980851777314e-01
# FractureId; NumVertices
121 ; 4
# Vertices
1.3383578252717920e+00 ; 7.7494888028541786e-01; 6.9629387584352809e-01; 1.2597028208299024e+00
7.3210701342057694e-01 ; -3.4233056747926482e-02; 2.3593663784590602e-02; 7.8993373395309407e-01
1.2890408052014429e-01 ; 1.2890408052014429e-01; 7.5545124250880524e-01; 7.5545124250880535e-01
# FractureId; NumVertices
122 ; 4
# Vertices
-5.9671740402486295e-01 ; -5.0667525837941707e-02; 4.8709806608517414e-01; -5.8951812101747103e-02
1.1552844255793122e+00 ; 2.5927778396419521e-01; 5.8700619838020351e-01; 1.4830128399953206e+00
1.9745212018292679e-01 ; 1.9745212018292679e-01; 5.0197611593457681e-01; 5.0197611593457681e-01
# FractureId; NumVertices
123 ; 4
# Vertices
1.4747976937099030e+00 ; 1.3333596095583700e-01; 1.4100174724386216e-01; 1.4824634799979282e+00
1.0761533309853841e+00 ; 6.2623917516992178e-01; 6.0338290620408186e-01; 1.0532970620195441e+00
3.2364588418323764e-01 ; 3.2364588418323764e-01; 1.2666045113181044e+00; 1.2666045113181044e+00
# FractureId; NumVertices
124 ; 4
# Vertices
3.8415244584511082e-01 ; 1.2710740661709523e+00; 1.3266067684185792e+00; 4.3968514809273757e-01
-2.2416952835239271e-02 ; 2.3169614612193251e-01; 3.7872394175801183e-02; -2.1624070478137064e-01
3.5270087319767690e-01 ; 3.5270087319767690e-01; 9.3378701713806100e-01; 9.3378701713806112e-01
# FractureId; NumVertices
125 ; 4
# Vertices
6.2340780246690608e-01 ; 1.4779238557787484e+00; 1.2024683375473555e+00; 3.4795228423551328e-01
8.7287256888664100e-01 ; 4.1012699027198124e-01; -9.8535162712231394e-02; 3.6421041590242831e-01
6.5876724544071652e-01 ; 6.5876724544071652e-01; 9.5046881820079254e-01; 9.5046881820079254e-01
# FractureId; NumVertices
126 ; 4
# Vertices
1.1468691158575291e-02 ; -1.1160229347909834e-02; 5.7667602785863914e-02; 8.0296523292349042e-02
-6.9714941735490310e-03 ; 1.0657214016297343e+00; 1.0671733545121320e+00; -5.5195412911515085e-03
6.2881246057814577e-01 ; 6.2881246057814577e-01; 1.3407795368464099e+00; 1.3407795368464099e+00
# FractureId; NumVertices
127 ; 4
# Vertices
7.8554679394870708e-02 ; 7.9607320475171006e-01; 6.9695845458665762e-01; -2.0560070770181849e-02
1.4332856408532435e-02 ; 6.9478394550514011e-01; 7.9929795175643026e-01; 1.1884686265982258e-01
7.0781328537097898e-01 ; 7.0781328537097898e-01; 1.3511262275957714e+00; 1.3511262275957716e+00
# FractureId; NumVertices
128 ; 4
# Vertices
7.6328016499871720e-01 ; -5.3710512830736745e-01; -3.0117046261325187e-01; 9.9921483069283290e-01
8.1804146557547530e-02 ; 4.6147239741099277e-01; 1.2695620092235564e+00; 8.8989375837011142e-01
-8.4429168795633613e-03 ; -8.4429168795633613e-03; 3.1858641959777922e-01; 3.1858641959777928e-01
# FractureId; NumVertices
129 ; 4
# Vertices
1.5160715881359874e+00 ; -6.7840159226551844e-02; 1.5608180756646128e-01; 1.7399935549290007e+00
4.2959947822043598e-02 ; 5.6735805736075129e-01; 1.2437003767637900e+00; 7.1930226722508228e-01
-3.3155896187247824e-01 ; -3.3155896187247824e-01; 5.2263717620978611e-01; 5.2263717620978634e-01
# FractureId; NumVertices
130 ; 4
# Vertices
7.5385848426004620e-01 ; 6.0097393582920888e-01; 9.2508489258293747e-02; 2.4539303768913093e-01
-1.3661982036034670e-01 ; 7.5759669622581283e-01; 6.7066415947458835e-01; -2.2355235711157129e-01
5.6195600979680405e-01 ; 5.6195600979680405e-01; 8.7768058526910420e-01; 8.7768058526910431e-01
# FractureId; NumVertices
131 ; 4
# Vertices
9.5003579595292242e-01 ; 7.9434042642009262e-01; 9.6981481556920879e-01; 1.1255101851020386e+00
-5.4966760169914086e-02 ; 8.7240519602141342e-01; 9.0186538152704743e-01; -2.5506574664280079e-02
-2.5548154271591889e-01 ; -2.5548154271591889e-01; 3.4563840269161783e-01; 3.4563840269161794e-01
# FractureId; NumVertices
132 ; 4
# Vertices
4.5623956673534360e-01 ; 6.0119718298118352e-03; -1.6890222333695398e-01; 2.8132537156857784e-01
-5.9075041882136936e-01 ; 5.7310561685436567e-01; 5.0544158024605212e-01; -6.5841445542968302e-01
1.2319230088043392e-01 ; 1.2319230088043392e-01; 9.3371356376447812e-01; 9.3371356376447823e-01
# FractureId; NumVertices
133 ; 4
# Vertices
5.5746029667738461e-01 ; -2.9612703865091394e-01; -8.6541763668126881e-02; 7.6704557166017173e-01
1.4773610160690154e+00 ; 9.3964235463139967e-01; 6.0694172654028899e-01; 1.1446603879779047e+00
2.6116743641017204e-01 ; 2.6116743641017204e-01; 8.0680361278984192e-01; 8.0680361278984203e-01
# FractureId; NumVertices
134 ; 4
# Vertices
-6.0566942108194111e-01 ; 1.0007408778728899e+00; 8.1167673714370747e-01; -7.9473356181112353e-01
7.5927426598125625e-01 ; 4.3669124512823831e-01; -5.0481702777242676e-01; -1.8223400691940889e-01
6.4419854723182390e-01 ; 6.4419854723182390e-01; 1.1647546302892404e+00; 1.1647546302892404e+00
# FractureId; NumVertices
135 ; 4
# Vertices
-2.8684555200358075e-01 ; -2.4287670411727669e-01; 4.7163912351098752e-01; 4.2767027562468357e-01
-7.4889352060462411e-01 ; 8.8603393250104023e-01; 8.6681813324483126e-01; -7.6810931986083331e-01
7.1346627841699484e-02 ; 7.1346627841699484e-02; 8.9472483931500879e-01; 8.9472483931500890e-01
# FractureId; NumVertices
136 ; 4
# Vertices
1.4731654214290364e+00 ; 7.3172570552399641e-01; 3.5404912368476338e-01; 1.0954888395898035e+00
3.9177901262317016e-02 ; 9.7443041187836310e-01; 6.7501991646208592e-01; -2.6023259415396027e-01
6.4129735454854786e-02 ; 6.4129735454854786e-02; 6.9721251366734194e-01; 6.9721251366734194e-01
# FractureId; NumVertices
137 ; 4
# Vertices
5.1266475685133317e-03 ; 1.3491110157656570e+00; 1.1734116281303639e+00; -1.7057274006677992e-01
-3.2469045717542322e-01 ; 1.8690963712166553e-01; 6.4847567887168645e-01; 1.3687558457459773e-01
2.8114695473125684e-01 ; 2.8114695473125684e-01; 1.1028587981385614e+00; 1.1028587981385614e+00
# FractureId; NumVertices
138 ; 4
# Vertices
2.0877403969951192e-02 ; 1.0203553674447809e+00; 1.0908094481434325e+00; 9.1331484668602581e-02
4.3918357408419323e-01 ; 2.1855295739219061e-01; 5.3771673507170026e-01; 7.5834735176370294e-01
4.7071522099132646e-01 ; 4.7071522099132646e-01; 1.0697025723460960e+00; 1.0697025723460962e+00
# FractureId; NumVertices
139 ; 4
# Vertices
-5.6740296314030358e-01 ; 3.9216456681790823e-01; 7.7210171116145188e-01; -1.8746581879676000e-01
4.0323032116427893e-01 ; -2.8924581389579035e-01; 2.3723492483101821e-01; 9.2971105989108760e-01
2.9839501067019381e-01 ; 2.9839501067019381e-01; 7.4652251628427257e-01; 7.4652251628427257e-01
# FractureId; NumVertices
140 ; 4
# Vertices
1.5819528038144179e+00 ; 1.2422684070694821e+00; 2.0883689988262377e-01; 5.4852129662755955e-01
1.7122446905144915e+00 ; 8.3834930742189728e-02; 2.9940755058761659e-01; 1.9278173103599188e+00
1.5960614814968221e-01 ; 1.5960614814968221e-01; 4.9927023551197414e-01; 4.9927023551197414e-01
# FractureId; NumVertices
141 ; 4
# Vertices
1.0440138717364469e+00 ; 3.4604776555031425e-01; 2.2938962279010083e-01; 9.2735572897623353e-01
5.7524023802645630e-01 ; 1.4584897468199265e+00; 1.3663035312074465e+00; 4.8305402241397605e-01
-2.5981109987492851e-01 ; -2.5981109987492851e-01; 4.7580494845789856e-01; 4.7580494845789867e-01
# FractureId; NumVertices
142 ; 4
# Vertices
5.2918209729171228e-01 ; -1.4400920304273601e-01; 1.3695123590697436e-01; 8.1014253624142274e-01
-7.7140183915948157e-01 ; 6.3490401244120764e-01; 7.6939831396445713e-01; -6.3690753763623220e-01
1.0059935259619956e-01 ; 1.0059935259619956e-01; 1.0922468780022749e+00; 1.0922468780022752e+00
# FractureId; NumVertices
143 ; 4
# Vertices
5.5405597346755764e-02 ; 6.0681375967019191e-01; 9.7427337195544372e-01; 4.2286520963200763e-01
2.8537489800798088e-01 ; 1.4251926916778199e+00; 1.2474272359500915e+00; 1.0760944228025227e-01
-1.3582992263742266e-01 ; -1.3582992263742266e-01; 6.0303543434771112e-01; 6.0303543434771134e-01
# FractureId; NumVertices
144 ; 4
# Vertices
2.6164249938112766e-01 ; 9.7516930163393134e-01; 5.1840749622322202e-01; -1.9511930602958200e-01
8.4558425384259039e-01 ; 4.3650772746881755e-02; -3.6275673870982517e-01; 4.3917674238588345e-01
-1.9615387431615181e-01 ; -1.9615387431615181e-01; 1.7573104101940601e-01; 1.7573104101940609e-01
# FractureId; NumVertices
145 ; 4
# Vertices
6.5384429126422416e-01 ; -5.1040867942900658e-01; -6.0367890187673834e-01; 5.6057406881649241e-01
5.1484412757343667e-01 ; 7.5831548581645469e-01; 3.1230765004629291e-01; 6.8836291803274940e-02
4.6104053047933335e-01 ; 4.6104053047933335e-01; 1.1100099881185077e+00; 1.1100099881185077e+00
# FractureId; NumVertices
146 ; 4
# Vertices
6.1701099121976632e-01 ; -1.7113245058107396e-01; -1.9959880725957235e-01; 5.8854463454126804e-01
-6.3936204869470381e-02 ; 1.1890723855331440e+00; 1.1711670235907226e+00; -8.1841566811891808e-02
-2.8121729793843314e-01 ; -2.8121729793843314e-01; 7.0505649945738780e-01; 7.0505649945738791e-01
# FractureId; NumVertices
147 ; 4
# Vertices
1.7145468083360468e-01 ; 1.3315961546026506e-01; -1.5220266802833810e-02; 2.3074798570505810e-02
5.3749896377251938e-01 ; 1.4603888638622162e+00; 1.4542318810078134e+00; 5.3134198091811657e-01
1.3668376715198804e-01 ; 1.3668376715198804e-01; 7.3429741397236503e-01; 7.3429741397236503e-01
# FractureId; NumVertices
148 ; 4
# Vertices
2.1379078675232802e-01 ; 5.3048122455205626e-01; 7.8162659000285545e-02; -2.3852777879944281e-01
-1.5072694052047503e-01 ; 8.1871323465925383e-01; 9.6647373418979843e-01; -2.9664409899304300e-03
4.6751246126975571e-01 ; 4.6751246126975571e-01; 9.5315076939928434e-01; 9.5315076939928445e-01
# FractureId; NumVertices
149 ; 4
# Vertices
-3.8229749096893034e-01 ; 1.1027324165866372e+00; 7.9979114845831267e-01; -6.8523875909725485e-01
1.7198555275650063e+00 ; 9.3641230818293708e-01; 3.6218199732747136e-01; 1.1456252167095404e+00
-1.1357508215002898e-01 ; -1.1357508215002898e-01; 7.9824627345019661e-01; 7.9824627345019672e-01
# FractureId; NumVertices
150 ; 4
# Vertices
9.4736887768954436e-01 ; 7.4590313444053424e-03; -1.3269064294055682e-01; 8.0721920340458242e-01
2.3695339137755053e-01 ; 6.4284538024437377e-01; 3.1830569373747630e-01; -8.7586295129347014e-02
4.7277224612099200e-01 ; 4.7277224612099200e-01; 1.0566295203136997e+00; 1.0566295203136997e+00
# FractureId; NumVertices
151 ; 4
# Vertices
1.5573981070497542e-01 ; -1.7382204734412601e-01; -1.6451388677531287e-01; 1.6504797127378859e-01
1.4337078952598470e-01 ; 1.3044483826172035e+00; 1.3070904236920904e+00; 1.4601283060087134e-01
-2.0212980451258411e-02 ; -2.0212980451258411e-02; 7.8435772507568791e-01; 7.8435772507568791e-01
# FractureId; NumVertices
152 ; 4
# Vertices
1.3664880891279092e+00 ; 7.9906637790265433e-01; 5.3559599708232031e-01; 1.1030177083075752e+00
4.4340943599262106e-02 ; 1.4357056921342977e+00; 1.3282580839498515e+00; -6.3106664585184435e-02
2.2518282390237332e-01 ; 2.2518282390237332e-01; 1.1856687181058982e+00; 1.1856687181058985e+00
# FractureId; NumVertices
153 ; 4
# Vertices
5.8778750888900100e-01 ; 1.8959706041075599e+00; 1.4085357960874862e+00; 1.0035270086892711e-01
-2.8786030524872375e-01 ; 7.7628859245675719e-01; 1.3755035869447227e+00; 3.1135468923924176e-01
3.2010926013152768e-01 ; 3.2010926013152768e-01; 1.1369569838172278e+00; 1.1369569838172280e+00
# FractureId; NumVertices
154 ; 4
# Vertices
1.1446403120924782e+00 ; 4.0502833244045794e-01; -1.6510474496397909e-01; 5.7450723468804110e-01
4.7078724466555899e-01 ; 1.4180993494433221e+00; 9.7296912053833184e-01; 2.5657015760568447e-02
2.6306367247892304e-01 ; 2.6306367247892304e-01; 6.0770045349982760e-01; 6.0770045349982760e-01
# FractureId; NumVertices
155 ; 4
# Vertices
-6.9512068518513548e-03 ; 7.7970593203630822e-01; 9.8287711686789359e-01; 1.9621997797973401e-01
6.7595515735213219e-01 ; 1.0864331232921418e+00; 6.9706736866966246e-01; 2.8658940272965261e-01
-2.3621221500723877e-01 ; -2.3621221500723877e-01; 1.6006609176667269e-01; 1.6006609176667277e-01
# FractureId; NumVertices
156 ; 4
# Vertices
5.1907240713279212e-01 ; 9.2960334288537672e-02; 1.1741907086709277e-01; 5.4353114371134725e-01
-2.4148912263973765e-01 ; 5.0657361614751695e-01; 5.2050582049649441e-01; -2.2755691829076030e-01
2.3935518061434902e-02 ; 2.3935518061434902e-02; 5.9718613361808415e-01; 5.9718613361808437e-01
# FractureId; NumVertices
157 ; 4
# Vertices
8.6857401811390023e-01 ; 1.0995791703620927e+00; 1.0275465978616627e+00; 7.9654144561346996e-01
-4.9821829956577129e-01 ; 6.5048474376795307e-01; 6.6497055493895818e-01; -4.8373248839476640e-01
2.6391428696498964e-02 ; 2.6391428696498964e-02; 8.0406184420972893e-01; 8.0406184420972904e-01
# FractureId; NumVertices
158 ; 4
# Vertices
-1.6350921627668902e-01 ; 1.4932058736474921e-01; 8.7062200598597073e-01; 5.5779220234453253e-01
1.4988911210892353e+00 ; 4.1153268078891903e-01; 6.1904896317621250e-01; 1.7064074034765289e+00
2.0514005304645316e-01 ; 2.0514005304645316e-01; 2.8026569544137320e-01; 2.8026569544137320e-01
# FractureId; NumVertices
159 ; 4
# Vertices
2.0704997181530521e-01 ; 5.3066069978558938e-01; -7.7955799957221211e-02; -4.0156652792750547e-01
-7.2128095599113839e-01 ; 8.6004143322521265e-01; 9.8459214462954647e-01; -5.9673024458680479e-01
-2.7861345637842522e-01 ; -2.7861345637842522e-01; 6.0001396411224617e-01; 6.0001396411224639e-01
# FractureId; NumVertices
160 ; 4
# Vertices
1.2589918251178904e+00 ; 8.5283944542805612e-01; 3.6877280792145850e-01; 7.7492518761129281e-01
-5.5750960395790705e-01 ; 6.7062016702714899e-01; 5.1053544194629008e-01; -7.1759432903876608e-01
5.1257616749606716e-01 ; 5.1257616749606716e-01; 1.2080792868172665e+00; 1.2080792868172667e+00
# FractureId; NumVertices
161 ; 4
# Vertices
9.2636580696756510e-01 ; 1.5299839089076556e-01; -1.7335081217435749e-01; 6.0001660390244216e-01
2.3864000977370636e-01 ; 1.1695631764199683e+00; 8.9844752589593235e-01; -3.2475640750329715e-02
7.8373161236794497e-02 ; 7.8373161236794497e-02; 7.6465079578172213e-01; 7.6465079578172235e-01
# FractureId; NumVertices
162 ; 4
# Vertices
-1.5552785433140931e-01 ; 6.5308312193830798e-01; 5.7691633477839477e-01; -2.3169464149132274e-01
5.1366216710069801e-01 ; 1.2590967933254360e+00; 1.3417187939113562e+00; 5.9628416768661807e-01
5.7204021267767069e-01 ; 5.7204021267767069e-01; 1.2965667248565613e+00; 1.2965667248565615e+00
# FractureId; NumVertices
163 ; 4
# Vertices
-2.6758389238815961e-02 ; 9.0293317907226356e-01; 8.1152159535619317e-01; -1.1816997295488652e-01
3.7664490892232733e-01 ; 5.7599098379353042e-01; 1.0023077732347145e+00; 8.0296169836351150e-01
1.4806805762749595e-01 ; 1.4806805762749595e-01; 6.0818185220550980e-01; 6.0818185220550991e-01
# FractureId; NumVertices
164 ; 4
# Vertices
-5.5679654326408068e-01 ; 4.0405996726235027e-01; 6.5285467964127131e-01; -3.0800183088515970e-01
-4.0306653906340117e-01 ; 8.9394938193886730e-01; 7.0963705754649875e-01; -5.8737886345576995e-01
2.8611009988088731e-01 ; 2.8611009988088731e-01; 1.3167061278688947e+00; 1.3167061278688950e+00
# FractureId; NumVertices
165 ; 4
# Vertices
2.6018802464052115e-01 ; -5.3475049535597075e-01; -8.4567849202330625e-02; 7.1037067079416150e-01
9.7200206207257389e-01 ; 1.9486680981623702e-01; -2.6562899888944935e-01; 5.1150625336688760e-01
2.0099904730321144e-01 ; 2.0099904730321144e-01; 5.6781395080728969e-01; 5.6781395080728980e-01
# FractureId; NumVertices
166 ; 4
# Vertices
1.1167643849269431e+00 ; 7.7615266903621738e-01; 8.7342893841014346e-01; 1.2140406543008693e+00
4.0778009980884822e-02 ; 8.2922438558566092e-01; 8.7124808948243726e-01; 8.2801713877660943e-02
5.6418990821203463e-01 ; 5.6418990821203463e-01; 1.1268816665756183e+00; 1.1268816665756185e+00
# FractureId; NumVertices
167 ; 4
# Vertices
7.9434516501128150e-01 ; 1.5238923725202214e+00; 1.2273962051034757e+00; 4.9784899759453571e-01
1.6496492049898837e+00 ; 6.4439776122499581e-01; 4.2921980518459546e-01; 1.4344712489494833e+00
4.1438329249556172e-01 ; 4.1438329249556172e-01; 1.1569894092803052e+00; 1.1569894092803055e+00
# FractureId; NumVertices
168 ; 4
# Vertices
2.0259893462530409e-01 ; 8.1584763594675591e-01; 9.6586831835045861e-01; 3.5261961702900679e-01
5.1958681987349342e-01 ; -3.9034607166280155e-01; -2.8923972688599120e-01; 6.2069316465030377e-01
8.2801844740879593e-03 ; 8.2801844740879593e-03; 7.1708583595654241e-01; 7.1708583595654263e-01
# FractureId; NumVertices
169 ; 4
# Vertices
-8.8415707782370664e-02 ; -8.0951594248567113e-02; 1.0232188398399979e-01; 9.4857770450196277e-02
4.6446991961084466e-01 ; 1.3334753490310152e+00; 1.3319011654839967e+00; 4.6289573606382622e-01
-9.2860752117506218e-02 ; -9.2860752117506218e-02; 4.5674312387102950e-01; 4.5674312387102955e-01
# FractureId; NumVertices
170 ; 4
# Vertices
1.8074006355381891e-01 ; 1.2169538875294589e-01; 2.2516694240037136e-01; 2.8421161720124438e-01
-8.1393164201394308e-02 ; 1.4015459053075865e+00; 1.4056657267903914e+00; -7.7273342718589655e-02
3.3326838633454364e-01 ; 3.3326838633454364e-01; 1.3172437819113421e+00; 1.3172437819113423e+00
# FractureId; NumVertices
171 ; 4
# Vertices
8.4593387422591171e-01 ; -1.3679726350088645e-01; -1.7485867468847266e-01; 8.0787246303832561e-01
6.1087966570470731e-01 ; 6.7706997094354682e-01; 1.1197008531987551e-01; 4.5779780081036059e-02
8.3709729968596125e-01 ; 8.3709729968596125e-01; 1.1693434628575838e+00; 1.1693434628575841e+00
# FractureId; NumVertices
172 ; 4
# Vertices
4.4279384707096614e-01 ; 1.1000674238196937e+00; 1.2766808029724623e+00; 6.1940722622373467e-01
-9.3284926787049111e-02 ; 5.7472803780970150e-01; 4.0095400411636811e-01; -2.6705896048038263e-01
2.0105271235141275e-02 ; 2.0105271235141275e-02; 5.9364130109331836e-01; 5.9364130109331859e-01
# FractureId; NumVertices
173 ; 4
# Vertices
-3.6232690272907225e-01 ; 1.2498791407298365e-01; 2.7683060306855567e-01; -2.1048421373350026e-01
9.7351509423201754e-02 ; 8.4138643038527894e-01; 7.4193519485062298e-01; -2.0997261114543142e-03
4.0957634147091415e-01 ; 4.0957634147091415e-01; 9.7405584834098291e-01; 9.7405584834098291e-01
# FractureId; NumVertices
174 ; 4
# Vertices
3.3057466411567105e-01 ; -4.1349662850776847e-01; -3.5420134840218143e-01; 3.8986994422125820e-01
1.2964221250605318e-01 ; 7.6010724774702143e-01; 8.3008720420530502e-01; 1.9962216896433665e-01
1.0944758524210041e-01 ; 1.0944758524210041e-01; 7.5311717575268022e-01; 7.5311717575268022e-01
# FractureId; NumVertices
175 ; 4
# Vertices
-3.3751062670574644e-01 ; 1.3132267816376156e-01; 5.9604829270220439e-01; 1.2721498783269636e-01
-1.9595225164465624e-01 ; 6.1484425066460102e-01; 3.4612226543030000e-01; -4.6467423687895737e-01
7.1408155257115091e-01 ; 7.1408155257115091e-01; 1.0329597815481537e+00; 1.0329597815481537e+00
# FractureId; NumVertices
176 ; 4
# Vertices
4.6979942739827862e-02 ; 1.1247646734913177e+00; 1.2870387211626246e+00; 2.0925399041113479e-01
5.0069405778916631e-01 ; 1.0301408745553760e+00; 6.9980270792776578e-01; 1.7035589116155608e-01
4.4565814297787548e-01 ; 4.4565814297787548e-01; 1.1565753824644616e+00; 1.1565753824644618e+00
# FractureId; NumVertices
177 ; 4
# Vertices
1.1671469716039751e+00 ; 4.0152356099460107e-01; 3.5191117227144653e-01; 1.1175345828808205e+00
3.0641890725902898e-02 ; 4.4720397442222048e-01; 3.5601851192009082e-01; -6.0543571776226823e-02
-1.5853861776290396e-01 ; -1.5853861776290396e-01; 4.1318655967108064e-01; 4.1318655967108070e-01
# FractureId; NumVertices
178 ; 4
# Vertices
2.4534599470134510e-01 ; 7.5312513924222801e-01; 1.0856049627239819e+00; 5.7782581818309908e-01
6.8446265380192939e-02 ; 8.8089892183025764e-01; 6.7310057320728744e-01; -1.3935208324277731e-01
6.5330655183417274e-01 ; 6.5330655183417274e-01; 1.1575297204584687e+00; 1.1575297204584687e+00
# FractureId; NumVertices
179 ; 4
# Vertices
2.7744237424125390e-01 ; 1.7852710231525887e-01; 6.1262672816406272e-01; 7.1154200009005786e-01
9.2483815384940549e-02 ; 1.0484906445190183e+00; 1.0934056819698492e+00; 1.3739885283577136e-01
8.1408897411113412e-01 ; 8.1408897411113412e-01; 1.2832246500234346e+00; 1.2832246500234348e+00
# FractureId; NumVertices
180 ; 4
# Vertices
5.0397071566505591e-01 ; -1.9320814950045828e-01; 6.0132920305635662e-01; 1.2985080682218710e+00
-6.3843226626295446e-01 ; 6.5381953345669785e-01; 1.0824779806009355e+00; -2.0977381911871695e-01
3.2696350076598818e-01 ; 3.2696350076598818e-01; 7.0534504180678959e-01; 7.0534504180678970e-01
# FractureId; NumVertices
181 ; 4
# Vertices
7.5027510476020842e-01 ; -2.7194850497442691e-01; -2.0651650019879658e-01; 8.1570710953583891e-01
5.2799675294203929e-03 ; 2.3844359371064258e-01; 5.2530712045101335e-01; 2.9214349426979119e-01
6.1337401106132083e-01 ; 6.1337401106132083e-01; 1.2474154807430589e+00; 1.2474154807430591e+00
# FractureId; NumVertices
182 ; 4
# Vertices
4.9085705332029050e-01 ; 1.3555444459467212e+00; 1.0572548345258195e+00; 1.9256744189938879e-01
1.0780286761929658e-02 ; 9.8740170827483920e-01; 1.2515032942788908e+00; 2.7488187276598119e-01
2.1210367511661449e-01 ; 2.1210367511661449e-01; 9.8507468877441973e-01; 9.8507468877441984e-01
# FractureId; NumVertices
183 ; 4
# Vertices
1.3483739831744604e-01 ; 1.3245961553492225e-02; 1.6842183535545383e-01; 2.9001327211940764e-01
-3.4767271333961669e-01 ; 8.0554066220065823e-01; 8.2190195131408272e-01; -3.3131142422619231e-01
-2.6525721121458068e-01 ; -2.6525721121458068e-01; 4.9190247220412081e-01; 4.9190247220412092e-01
# FractureId; NumVertices
184 ; 4
# Vertices
1.2702313738848932e+00 ; 8.2805240017738480e-02; 1.4814559685341244e-01; 1.3355717307205670e+00
1.2328857958031003e+00 ; 6.2039039691173270e-01; 4.9371704157989005e-01; 1.1062124404712574e+00
-2.7577741181825693e-01 ; -2.7577741181825693e-01; 6.0347013501894953e-01; 6.0347013501894964e-01
# FractureId; NumVertices
185 ; 4
# Vertices
-1.7918686851132670e-01 ; 5.6348347327434867e-01; 4.7025185736281105e-01; -2.7241848442286448e-01
7.2515029087456639e-01 ; 1.2145296741769644e+00; 1.3560157245026021e+00; 8.6663634120020405e-01
1.1168205625239125e-01 ; 1.1168205625239125e-01; 6.7989677893875999e-01; 6.7989677893875999e-01
# FractureId; NumVertices
186 ; 4
# Vertices
1.3089757307665182e+00 ; -1.8590930946356354e-01; -6.0357023462816450e-01; 8.9131480560191734e-01
8.5865845276202912e-01 ; 1.5544410354162355e+00; 6.5709884191738965e-01; -3.8683740736816685e-02
5.3944293219558470e-01 ; 5.3944293219558470e-01; 1.0176578766075639e+00; 1.0176578766075639e+00
# FractureId; NumVertices
187 ; 4
# Vertices
7.7041366998559702e-01 ; 9.3907278399213912e-01; 5.1097190604890930e-01; 3.4231279204236725e-01
-4.0611993044532341e-01 ; 1.0052460998290937e+00; 1.0564044196628857e+00; -3.5496161061153148e-01
4.4273326325240769e-01 ; 4.4273326325240769e-01; 1.2865744841085807e+00; 1.2865744841085809e+00
# FractureId; NumVertices
188 ; 4
# Vertices
3.4972167461941139e-01 ; 1.1225756298483074e+00; 1.2779877801196728e+00; 5.0513382489077663e-01
5.5243392673684633e-01 ; 9.4323037403907439e-01; 6.3588137980688619e-01; 2.4508493250465802e-01
5.9306475034889838e-01 ; 5.9306475034889838e-01; 1.0564524367268506e+00; 1.0564524367268506e+00
# FractureId; NumVertices
189 ; 4
# Vertices
-4.0136407087219228e-01 ; 1.7325840923275193e-01; 4.6308579313155146e-01; -1.1153668697339278e-01
-2.9262642770890668e-01 ; 6.0049923263574456e-01; 4.1402902185489132e-01; -4.7909663848976008e-01
-1.2486588619476935e-02 ; -1.2486588619476935e-02; 6.0598089831321933e-01; 6.0598089831321933e-01
# FractureId; NumVertices
190 ; 4
# Vertices
1.3616513301090649e+00 ; 6.3175406135831735e-01; 6.0017324486089019e-01; 1.3300705136116378e+00
6.4363024906058297e-01 ; 1.3015365358880358e+00; 1.2665000083948186e+00; 6.0859372156736569e-01
2.1145375168844377e-01 ; 2.1145375168844377e-01; 8.6484989362198328e-01; 8.6484989362198339e-01
# FractureId; NumVertices
191 ; 4
# Vertices
1.4092206719587570e+00 ; 2.4115715654181336e-01; 2.0837572812406402e-01; 1.3764392435410078e+00
9.0898869172557983e-01 ; 7.2886046704360208e-01; 9.4143565111388672e-01; 1.1215638757958646e+00
-3.3824911011423475e-01 ; -3.3824911011423475e-01; 4.1973863056033639e-01; 4.1973863056033650e-01
# FractureId; NumVertices
192 ; 4
# Vertices
7.1466226849588921e-02 ; 5.3455439186048437e-01; 8.9894702973351714e-01; 4.3585886472262175e-01
1.1598943726949928e+00 ; 3.4485027621558539e-01; 5.5188928029524487e-01; 1.3669333767746523e+00
-1.6668005004658629e-01 ; -1.6668005004658629e-01; 2.9690091703936206e-01; 2.9690091703936217e-01
# FractureId; NumVertices
193 ; 4
# Vertices
7.0446430832415707e-01 ; 4.8297737448814881e-01; 1.5185893009710172e-01; 3.7334586393310998e-01
-2.9495934495894610e-01 ; 8.2450227654987529e-01; 7.5899006284318693e-01; -3.6047155866563446e-01
-2.4825073614056808e-01 ; -2.4825073614056808e-01; 4.3354604576235717e-01; 4.3354604576235722e-01
# FractureId; NumVertices
194 ; 4
# Vertices
-1.3526163749611897e-01 ; 1.0227035206583750e+00; 1.0160572362188853e+00; -1.4190792193560908e-01
5.1125705335429883e-01 ; 5.7075997531722589e-01; 7.0010094813380241e-01; 6.4059802617087525e-01
3.1905630624200976e-01 ; 3.1905630624200976e-01; 1.0811248565104119e+00; 1.0811248565104119e+00
# FractureId; NumVertices
195 ; 4
# Vertices
7.6060825745806038e-01 ; -1.1295696887819701e-01; -1.9438544014097187e-01; 6.7917978619528552e-01
2.9753280932034371e-01 ; -4.6089480582621839e-01; -3.6710460158222463e-01; 3.9132301356433757e-01
1.1401136725707417e-01 ; 1.1401136725707417e-01; 8.7518515550376552e-01; 8.7518515550376574e-01
# FractureId; NumVertices
196 ; 4
# Vertices
7.7003691563613774e-01 ; 4.3791368484377069e-01; 2.4902247241758657e-01; 5.8114570320995373e-01
-5.0810670632328303e-02 ; 9.4630799120064335e-01; 8.8339154791199070e-01; -1.1372711392098117e-01
-1.8340877247857862e-01 ; -1.8340877247857862e-01; 4.8836008195795821e-01; 4.8836008195795833e-01
# FractureId; NumVertices
197 ; 4
# Vertices
3.6800197302792637e-01 ; 4.4132659726066004e-01; 6.5612633071759940e-01; 5.8280170648486573e-01
-1.2934217330827796e-01 ; 7.2819907129461803e-01; 7.0983247978645692e-01; -1.4770876481643908e-01
2.2853648304043400e-01 ; 2.2853648304043400e-01; 7.6027656493766060e-01; 7.6027656493766071e-01
# FractureId; NumVertices
198 ; 4
# Vertices
1.3912188474716369e+00 ; 3.0456528436908403e-01; 3.2026721917022993e-01; 1.4069207822727829e+00
-1.0247081213385356e-02 ; 1.0958163053090696e-01; 2.5197290847170539e-01; 1.3214419672741307e-01
-2.5198363727855388e-01 ; -2.5198363727855388e-01; 4.6262605450633648e-01; 4.6262605450633659e-01
# FractureId; NumVertices
199 ; 4
# Vertices
5.3525190748906593e-01 ; 5.5182349276959453e-01; 1.1251704663298687e+00; 1.1085988810493403e+00
-3.6852637510996256e-01 ; 6.5821642925182822e-01; 6.4896263343526750e-01; -3.7778017092652338e-01
-1.8540712943940968e-01 ; -1.8540712943940968e-01; 1.8854921850927123e-01; 1.8854921850927128e-01
