# Number of Fractures
50
# FractureId; NumVertices
0 ; 4
# Vertices
7.2452618732261675e-01 ; 9.2156250001677181e-02; -3.7144178577247572e-01; 2.6092815154846377e-01
9.1241320452598473e-01 ; 1.2403486448186474e-01; 4.9589371185735875e-01; 1.2842720519014788e+00
-9.0930588885243413e-02 ; -9.0930588885243413e-02; 2.2650869811942528e-01; 2.2650869811942534e-01
# FractureId; NumVertices
1 ; 4
# Vertices
-4.6427902078095540e-01 ; 8.2402922055210259e-01; 9.0167445414454750e-01; -3.8663378718851071e-01
4.2492057187560217e-01 ; 3.0024953555237044e-01; 1.1026090673848392e+00; 1.2272801037080709e+00
6.7759570734018326e-01 ; 6.7759570734018326e-01; 9.8542638993839837e-01; 9.8542638993839837e-01
# FractureId; NumVertices
2 ; 4
# Vertices
-9.2627247322883022e-02 ; 7.4671563769179028e-01; 8.3008821522409848e-01; -9.2546697905749320e-03
8.6018420578589561e-01 ; 6.2655262407406309e-01; 9.2607625544420025e-01; 1.1597078371560328e+00
-1.0348505767099270e-01 ; -1.0348505767099270e-01; 3.8713045670184321e-01; 3.8713045670184321e-01
# FractureId; NumVertices
3 ; 4
# Vertices
-8.7333401814985390e-02 ; 5.9528583384325029e-01; 7.0589791948676295e-01; 2.3278683828527269e-02
7.4100608725551353e-01 ; 8.9807685223220135e-02; 2.0575689075089804e-01; 8.5695529278319160e-01
3.7432569487161765e-01 ; 3.7432569487161765e-01; 9.8251063138572492e-01; 9.8251063138572503e-01
# FractureId; NumVertices
4 ; 4
# Vertices
3.0439726344629792e-01 ; 1.2092815691302661e+00; 1.6877315423831005e+00; 7.8284723669913236e-01
5.3050278975253329e-01 ; -3.5941157707985727e-01; 1.2708677375859589e-01; 1.0170011405909865e+00
6.9501869969472840e-01 ; 6.9501869969472840e-01; 1.1953183374012903e+00; 1.1953183374012906e+00
# FractureId; NumVertices
5 ; 4
# Vertices
6.2146082912229295e-01 ; 9.3634260291962368e-02; 1.1880550392475797e-01; 6.4663207275508849e-01
3.6933505910269426e-01 ; 1.3967317445425522e+00; 1.4096635082402353e+00; 3.8226682280037716e-01
6.5491065861714337e-01 ; 6.5491065861714337e-01; 1.4244250759175627e+00; 1.4244250759175630e+00
# FractureId; NumVertices
6 ; 4
# Vertices
7.4742163067286560e-01 ; -1.8524050487901378e-01; 2.2006414990249007e-01; 1.1527262854543696e+00
4.3112451102069338e-01 ; 1.0468016928635446e+00; 1.6607797905188200e+00; 1.0451026086759687e+00
-1.9404528350684166e-02 ; -1.9404528350684166e-02; 9.8210425840754539e-02; 9.8210425840754567e-02
# FractureId; NumVertices
7 ; 4
# Vertices
5.1274729151574516e-01 ; 2.1994939826139315e-03; -4.0486110556054783e-01; 1.0568669197258332e-01
-4.9608253791652457e-02 ; 8.6715983624277282e-01; 6.4046794456548606e-01; -2.7630014546893933e-01
2.7339017868663329e-01 ; 2.7339017868663329e-01; 7.9521424746537539e-01; 7.9521424746537539e-01
# FractureId; NumVertices
8 ; 4
# Vertices
4.1891861016774812e-01 ; 1.2818460598227648e+00; 1.0064276361727318e+00; 1.4350018651771501e-01
7.5378882458523344e-01 ; 2.3938341071649247e-01; -2.2263761686346306e-01; 2.9176779700527788e-01
-2.3393036014669263e-01 ; -2.3393036014669263e-01; 1.6511825992570545e-01; 1.6511825992570550e-01
# FractureId; NumVertices
9 ; 4
# Vertices
3.6351721804136872e-01 ; -2.2562945049413058e-02; 1.4207263976651174e-02; 4.0028742706743298e-01
6.7682969332377618e-01 ; -2.7829926545817674e-01; -2.9316243986738860e-01; 6.6196651891456437e-01
4.6094089157458656e-01 ; 4.6094089157458656e-01; 1.1466003649541578e+00; 1.1466003649541578e+00
# FractureId; NumVertices
10 ; 4
# Vertices
8.1912405687235168e-01 ; 7.8418130044829815e-01; 4.5454152848502627e-01; 4.8948428490907980e-01
-5.1547545946816742e-01 ; 7.1751759341759924e-01; 7.0817567358079692e-01; -5.2481737930496997e-01
1.9421633034161467e-01 ; 1.9421633034161467e-01; 9.4752197896478507e-01; 9.4752197896478507e-01
# FractureId; NumVertices
11 ; 4
# Vertices
2.6923948776379092e-01 ; 1.1402057364113612e-01; -9.4842874080330875e-02; 6.0376040042323900e-02
-5.9297174295152832e-01 ; 5.8778898557626869e-01; 5.6033248505760613e-01; -6.2042824347019099e-01
-8.4002032784752989e-02 ; -8.4002032784752989e-02; 6.8148655805889713e-01; 6.8148655805889735e-01
# FractureId; NumVertices
12 ; 4
# Vertices
7.4688746898334135e-01 ; 1.9252731487059055e-01; -1.6759574025141760e-01; 3.8676441386133320e-01
4.4491876703410965e-01 ; -4.4249781689686718e-01; -2.1753259092299820e-01; 6.6988399300797874e-01
-1.8965775045429145e-01 ; -1.8965775045429145e-01; 3.6377715850204784e-01; 3.6377715850204789e-01
# FractureId; NumVertices
13 ; 4
# Vertices
1.0791256880057358e+00 ; 4.4782705244213428e-01; 4.9701356709834177e-01; 1.1283122026619434e+00
6.0612801968542662e-01 ; 7.1111569976680111e-03; -4.4726080857819095e-02; 5.5429078182993963e-01
2.4121344727442845e-01 ; 2.4121344727442845e-01; 8.1697178432241802e-01; 8.1697178432241813e-01
# FractureId; NumVertices
14 ; 4
# Vertices
-5.3138946772994844e-01 ; 7.1201137450621776e-01; 1.1691043879849623e+00; -7.4296454251203903e-02
-8.6378108164223200e-02 ; 9.2482934918969173e-01; 3.6277867026474414e-01; -6.4842878708917095e-01
1.7256629937814255e-01 ; 1.7256629937814255e-01; 9.5790626873801155e-01; 9.5790626873801177e-01
# FractureId; NumVertices
15 ; 4
# Vertices
6.5625277714653363e-01 ; 6.2513344309637531e-01; 2.3719079755397607e-01; 2.6831013160413425e-01
-3.1965117859652681e-01 ; 6.6383910556243786e-01; 6.5156392910834615e-01; -3.3192635505061852e-01
-2.8289189421111527e-02 ; -2.8289189421111527e-02; 5.0054964574939609e-01; 5.0054964574939620e-01
# FractureId; NumVertices
16 ; 4
# Vertices
1.2225800584290800e+00 ; 6.9386377678763445e-01; 5.1939398135637793e-01; 1.0481102629978234e+00
5.8711138301210797e-01 ; -2.2682696579903100e-01; -1.1349525998385079e-01; 7.0044308882728834e-01
3.3735635241855499e-01 ; 3.3735635241855499e-01; 9.5005458365164497e-01; 9.5005458365164497e-01
# FractureId; NumVertices
17 ; 4
# Vertices
1.2757496911915640e+00 ; 4.8751739523964982e-01; 3.3252016950111368e-01; 1.1207524654530279e+00
8.3743979490560039e-01 ; 1.1664955096924075e+00; 7.9520939120265899e-01; 4.6615367641585176e-01
6.4179285414205822e-01 ; 6.4179285414205822e-01; 1.0447615001974573e+00; 1.0447615001974575e+00
# FractureId; NumVertices
18 ; 4
# Vertices
1.3627927140764142e+00 ; 4.9828955224323168e-01; 3.7311882775411759e-01; 1.2376219895873000e+00
6.2882107096277118e-01 ; 8.7681327902001782e-01; 4.4046696016789544e-01; 1.9247475211064868e-01
3.4120428592142854e-01 ; 3.4120428592142854e-01; 7.3290584835305039e-01; 7.3290584835305050e-01
# FractureId; NumVertices
19 ; 4
# Vertices
1.2056783618940465e+00 ; 6.0986082687084087e-01; 4.9978356583417050e-01; 1.0956011008573763e+00
5.7270064578359836e-01 ; 1.3873900755666762e+00; 1.3068858245781270e+00; 4.9219639479504923e-01
3.6487126821108318e-01 ; 3.6487126821108318e-01; 1.0237835172789067e+00; 1.0237835172789069e+00
# FractureId; NumVertices
20 ; 4
# Vertices
6.0548687655011457e-01 ; -2.0164728129462461e-01; -7.0668297466616448e-01; 1.0045118317857477e-01
6.2092471022945828e-01 ; -2.5746361931621087e-01; 2.0660397509480760e-01; 1.0849923046404770e+00
-2.4213478620858891e-01 ; -2.4213478620858891e-01; 1.6040553214636347e-01; 1.6040553214636352e-01
# FractureId; NumVertices
21 ; 4
# Vertices
7.5443432698329738e-01 ; -2.2654611057127960e-03; 2.8665557549946941e-01; 1.0433553635884798e+00
-1.6707854464311112e-01 ; 5.2230323404460588e-01; 8.3943735904246730e-01; 1.5005558035475033e-01
1.8602534096163387e-01 ; 1.8602534096163387e-01; 7.1674000133760318e-01; 7.1674000133760329e-01
# FractureId; NumVertices
22 ; 4
# Vertices
-3.3125549572012136e-01 ; -3.2891884756877565e-01; 2.6716688806670935e-01; 2.6483023991536375e-01
-4.7976948834264227e-01 ; 7.6574822375814877e-01; 7.6462993967540616e-01; -4.8088777242538489e-01
-1.4608363765962196e-03 ; -1.4608363765962196e-03; 5.7660146622860120e-01; 5.7660146622860131e-01
# FractureId; NumVertices
23 ; 4
# Vertices
-3.4460942608194034e-01 ; 9.6145318373164224e-01; 9.5745494498681483e-01; -3.4860766482676797e-01
3.9713622870116527e-01 ; 3.8644723941781289e-01; -1.0208820498200702e-01; -9.1399215698654723e-02
1.8757820061827368e-01 ; 1.8757820061827368e-01; 9.0834240800497024e-01; 9.0834240800497046e-01
# FractureId; NumVertices
24 ; 4
# Vertices
1.3137219935286761e+00 ; 4.3693532476084979e-01; 3.7967886765832320e-01; 1.2564655364261497e+00
3.9484412794837026e-01 ; 1.3005703371760424e-01; 3.1964972679886372e-01; 5.8443682102962979e-01
-9.1475786817765137e-03 ; -9.1475786817765137e-03; 5.6843887957485695e-01; 5.6843887957485695e-01
# FractureId; NumVertices
25 ; 4
# Vertices
6.3924712302299636e-01 ; -1.5642024865791693e-01; -3.0178110766607685e-01; 4.9388626401483648e-01
8.2727144551251663e-01 ; 4.9408309730674488e-01; 8.4121076024912744e-01; 1.1743991084548995e+00
4.5889093718011675e-01 ; 4.5889093718011675e-01; 8.9372904543905862e-01; 8.9372904543905873e-01
# FractureId; NumVertices
26 ; 4
# Vertices
5.5955535259618505e-01 ; -3.3901528361361910e-01; -3.4500139002569408e-01; 5.5356924618411019e-01
6.7278400853383913e-01 ; 6.9176212126058223e-01; 4.0833354621908730e-01; 3.8935543349234414e-01
7.9157377941339757e-01 ; 7.9157377941339757e-01; 1.3194467768184326e+00; 1.3194467768184328e+00
# FractureId; NumVertices
27 ; 4
# Vertices
1.0134507097882688e+00 ; -2.9565547130751324e-02; 2.3802571986642296e-01; 1.2810419767854433e+00
-4.2358095677780244e-01 ; 1.3939531644777750e-01; 6.3515695856546772e-01; 7.2180685339887751e-02
1.3440567176761081e-01 ; 1.3440567176761081e-01; 6.8846529129663980e-01; 6.8846529129663991e-01
# FractureId; NumVertices
28 ; 4
# Vertices
4.8833282653190546e-01 ; 1.4243388044387679e+00; 1.4623355350107656e+00; 5.2632955710390306e-01
3.8043783349098093e-01 ; 8.0974441073310488e-01; 7.2690112613966207e-01; 2.9759454889753795e-01
4.7665379338182268e-02 ; 4.7665379338182268e-02; 7.2809697927517969e-01; 7.2809697927517969e-01
# FractureId; NumVertices
29 ; 4
# Vertices
-2.6799792906756004e-01 ; 1.0825318365297363e+00; 1.0366928444465549e+00; -3.1383692115074147e-01
-2.6367217852353186e-02 ; 3.2443946979847615e-01; 5.0090966096807421e-01; 1.5010297331724487e-01
2.4818354455504210e-01 ; 2.4818354455504210e-01; 1.1603724531918205e+00; 1.1603724531918207e+00
# FractureId; NumVertices
30 ; 4
# Vertices
-7.4250201929709159e-02 ; 1.0157282090994977e+00; 8.6713613330520567e-01; -2.2284227772400117e-01
5.6901797251529251e-01 ; 8.2211045483711853e-01; 1.4620431512964580e+00; 1.2089506689746319e+00
8.4892503301492628e-01 ; 8.4892503301492628e-01; 1.2023360017799849e+00; 1.2023360017799849e+00
# FractureId; NumVertices
31 ; 4
# Vertices
-1.2854725655149463e-01 ; 6.0344136100433188e-01; 1.7814524199614659e-01; -5.5384337555967988e-01
-2.3626596850118231e-01 ; 5.3752584737079501e-01; 9.3984584070627120e-01; 1.6605402483429377e-01
-1.2330915068863516e-01 ; -1.2330915068863516e-01; 2.7857543048127564e-01; 2.7857543048127570e-01
# FractureId; NumVertices
32 ; 4
# Vertices
1.8851458721051118e-01 ; 1.3921088930080394e+00; 1.7861641351121647e+00; 5.8256982931463641e-01
9.2374175049761975e-03 ; 6.5701011802946374e-01; -7.5164370309076967e-02; -7.2293707083356462e-01
6.5291906350081497e-01 ; 6.5291906350081497e-01; 1.0257108971530537e+00; 1.0257108971530537e+00
# FractureId; NumVertices
33 ; 4
# Vertices
1.3195778331597148e+00 ; 5.7999509017434570e-01; 6.3365303000312001e-01; 1.3732357729884890e+00
-2.5343996659896662e-01 ; 3.0087473756214389e-01; 3.7246671595204900e-01; -1.8184798820906156e-01
7.4352162894876683e-01 ; 7.4352162894876683e-01; 1.3531616344707769e+00; 1.3531616344707769e+00
# FractureId; NumVertices
34 ; 4
# Vertices
-1.6381038409756796e-01 ; 5.1487465856234638e-01; 2.0452547107799318e-01; -4.7415957158192129e-01
3.5131930410390366e-01 ; 1.2839800235927101e+00; 1.5098170800334860e+00; 5.7715636054467945e-01
6.5591498944445692e-01 ; 6.5591498944445692e-01; 1.3222487956077360e+00; 1.3222487956077360e+00
# FractureId; NumVertices
35 ; 4
# Vertices
-1.6518625607005250e-01 ; 6.2217890473444792e-01; 8.3051338175159395e-01; 4.3148220947093419e-02
5.5393121938368728e-01 ; 9.7766354692554536e-01; 5.9054342807758609e-01; 1.6681110053572790e-01
4.8367642487354928e-01 ; 4.8367642487354928e-01; 8.8624936661939768e-01; 8.8624936661939779e-01
# FractureId; NumVertices
36 ; 4
# Vertices
7.3915184782768639e-01 ; -5.1801234540752084e-02; 2.0296759028443856e-02; 8.1124984139688228e-01
4.3966177522118705e-01 ; -2.2384019267261562e-01; -3.0978738349581281e-01; 3.5371458439798992e-01
4.1341228254238283e-01 ; 4.1341228254238283e-01; 1.0924721880199157e+00; 1.0924721880199160e+00
# FractureId; NumVertices
37 ; 4
# Vertices
2.7553822331873923e-01 ; 9.6355510500620334e-01; 8.2692089130603874e-01; 1.3890400961857458e-01
-2.3915982200308455e-01 ; 3.1821127295197199e-01; 4.8687205657116223e-01; -7.0499038383894430e-02
5.8665776211683029e-01 ; 5.8665776211683029e-01; 1.1356043040752386e+00; 1.1356043040752386e+00
# FractureId; NumVertices
38 ; 4
# Vertices
-3.2893849111435558e-02 ; 7.4815179355513628e-02; 5.9243805245072889e-01; 4.8472902398377987e-01
-6.7708657616691637e-01 ; 6.3212994832360792e-01; 5.8954519955941675e-01; -7.1967132493110764e-01
-5.2406984008583402e-02 ; -5.2406984008583402e-02; 6.5272298628385006e-01; 6.5272298628385017e-01
# FractureId; NumVertices
39 ; 4
# Vertices
3.5753155579548040e-01 ; -5.1791587339116663e-01; -4.7530370264231098e-01; 4.0014372654433628e-01
4.5311456355411406e-01 ; 5.2294292533657105e-01; 1.0571773593387210e+00; 9.8734899755626404e-01
-7.9294657144429639e-02 ; -7.9294657144429639e-02; 1.5643983507302262e-01; 1.5643983507302264e-01
# FractureId; NumVertices
40 ; 4
# Vertices
1.0358984936581770e+00 ; 9.2053873130755126e-01; 6.2981067773461696e-01; 7.4517044008524258e-01
1.2761410401177375e-01 ; 1.4105060379230194e+00; 1.3843632909914185e+00; 1.0147135708017285e-01
3.5530122333459374e-01 ; 3.5530122333459374e-01; 1.1628779934240858e+00; 1.1628779934240860e+00
# FractureId; NumVertices
41 ; 4
# Vertices
6.0069614584775188e-01 ; -2.4585171075462264e-01; -3.6038080611859302e-01; 4.8616705048378150e-01
1.2583629243542174e-01 ; -2.1462762142149366e-01; 7.0143704563216752e-02; 4.1060761842013221e-01
9.8376583048174093e-02 ; 9.8376583048174093e-02; 6.2355710275709142e-01; 6.2355710275709164e-01
# FractureId; NumVertices
42 ; 4
# Vertices
7.6178410649628936e-02 ; 6.8480335783596880e-01; 9.1623194357774684e-01; 3.0760699639140693e-01
3.5768256737515680e-01 ; 1.1159895929754513e+00; 9.3024265140782436e-01; 1.7193562580752975e-01
4.8036861102181955e-01 ; 4.8036861102181955e-01; 1.0566850206680658e+00; 1.0566850206680660e+00
# FractureId; NumVertices
43 ; 4
# Vertices
6.2933480061919789e-02 ; 9.4904218067819412e-01; 9.6035020390205661e-01; 7.4241503285782162e-02
7.6790433232729782e-01 ; 8.2767979568385486e-01; 6.6005018308401908e-01; 6.0027471972746205e-01
6.0023007583832555e-01 ; 6.0023007583832555e-01; 1.1679740435271060e+00; 1.1679740435271062e+00
# FractureId; NumVertices
44 ; 4
# Vertices
6.2262739827288915e-02 ; 7.4714634289745763e-01; 8.1583980458061456e-01; 1.3095620151044574e-01
-1.4729011759248234e-02 ; 8.7383614014834521e-01; 8.2088895282739160e-01; -6.7676199080201949e-02
3.6684049542552333e-01 ; 3.6684049542552333e-01; 1.1097143854893323e+00; 1.1097143854893323e+00
# FractureId; NumVertices
45 ; 4
# Vertices
2.3104659150769399e-01 ; -3.7177063842981445e-01; -4.2112829279969399e-03; 5.9860594700951153e-01
2.4921310167544175e-01 ; 1.0405857096538877e+00; 1.3205690073917549e+00; 5.2919639941330887e-01
5.1141630520968284e-01 ; 5.1141630520968284e-01; 9.8718727345325197e-01; 9.8718727345325197e-01
# FractureId; NumVertices
46 ; 4
# Vertices
5.7805013149067763e-01 ; 7.5320399874632626e-01; 8.9526720506643631e-01; 7.2011333781078768e-01
3.2819218697886410e-01 ; 1.3216381165246678e+00; 1.2965910362139352e+00; 3.0314510666813133e-01
6.9389889643447777e-02 ; 6.9389889643447777e-02; 7.2624865775325154e-01; 7.2624865775325165e-01
# FractureId; NumVertices
47 ; 4
# Vertices
-1.5597989329351974e-01 ; 7.6114711117906242e-01; 1.0756708980715086e+00; 1.5854389359892646e-01
-7.8760515684600518e-02 ; 7.9935385514743318e-01; 4.7085648841521455e-01; -4.0725788241681926e-01
2.9994936928164978e-01 ; 2.9994936928164978e-01; 1.0138825726727001e+00; 1.0138825726727003e+00
# FractureId; NumVertices
48 ; 4
# Vertices
3.2997689234559646e-01 ; 1.3741762553255459e+00; 1.2265362629933132e+00; 1.8233690001336378e-01
1.2694448904966732e-01 ; 4.3445022157040253e-01; 9.3579237438144480e-01; 6.2828664186070959e-01
2.3569834850292165e-01 ; 2.3569834850292165e-01; 7.3917235169736406e-01; 7.3917235169736406e-01
# FractureId; NumVertices
49 ; 4
# Vertices
-3.1394104293412767e-01 ; 9.5684695665630135e-02; 2.9151043465119308e-01; -1.1811530394856476e-01
6.7269936828274401e-01 ; 1.5033579268748221e+00; 1.4067896532573625e+00; 5.7613109466528412e-01
2.8193501331491749e-01 ; 2.8193501331491749e-01; 8.5948627925244636e-01; 8.5948627925244647e-01
