# Number of Fractures
82
# FractureId; NumVertices
0 ; 4
# Vertices
5.3089428821111913e+00 ; 5.3089428821111913e+00; 6.7231564444842871e+00; 6.7231564444842871e+00
0.0000000000000000e+00 ; 2.0000000000000000e+00; 2.0000000000000000e+00; 0.0000000000000000e+00
2.4805157573650018e+00 ; 2.4805157573650018e+00; 1.0663021949919069e+00; 1.0663021949919069e+00
# FractureId; NumVertices
1 ; 4
# Vertices
6.4215748369305974e+00 ; 6.4215748369305974e+00; 7.8357883993036932e+00; 7.8357883993036932e+00
2.0000000000000000e+00 ; 4.0000000000000000e+00; 4.0000000000000000e+00; 2.0000000000000000e+00
3.5931477121844084e+00 ; 3.5931477121844084e+00; 2.1789341498113135e+00; 2.1789341498113135e+00
# FractureId; NumVertices
2 ; 4
# Vertices
3.4712206980195459e+00 ; 3.4712206980195459e+00; 4.8854342603926408e+00; 4.8854342603926408e+00
4.0000000000000000e+00 ; 6.0000000000000000e+00; 6.0000000000000000e+00; 4.0000000000000000e+00
6.4279357327335607e-01 ; 6.4279357327335607e-01; -7.7141998909973886e-01; -7.7141998909973886e-01
# FractureId; NumVertices
3 ; 4
# Vertices
5.0263101988986145e+00 ; 5.0263101988986145e+00; 6.4405237612717094e+00; 6.4405237612717094e+00
6.0000000000000000e+00 ; 8.0000000000000000e+00; 8.0000000000000000e+00; 6.0000000000000000e+00
2.1978830741524251e+00 ; 2.1978830741524251e+00; 7.8366951177933020e-01; 7.8366951177933020e-01
# FractureId; NumVertices
4 ; 4
# Vertices
7.7283020289641051e+00 ; 7.7283020289641051e+00; 9.1425155913372009e+00; 9.1425155913372009e+00
8.0000000000000000e+00 ; 1.0000000000000000e+01; 1.0000000000000000e+01; 8.0000000000000000e+00
4.8998749042179162e+00 ; 4.8998749042179162e+00; 3.4856613418448212e+00; 3.4856613418448212e+00
# FractureId; NumVertices
5 ; 4
# Vertices
9.1661763359009036e+00 ; 9.1661763359009036e+00; 1.0580389898273999e+01; 1.0580389898273999e+01
0.0000000000000000e+00 ; 2.0000000000000000e+00; 2.0000000000000000e+00; 0.0000000000000000e+00
3.5093220864085239e+00 ; 3.5093220864085239e+00; 2.0951085240354290e+00; 2.0951085240354290e+00
# FractureId; NumVertices
6 ; 4
# Vertices
3.7164493712101550e+00 ; 3.7164493712101550e+00; 5.1306629335832508e+00; 5.1306629335832508e+00
2.0000000000000000e+00 ; 4.0000000000000000e+00; 4.0000000000000000e+00; 2.0000000000000000e+00
-1.9404048782822247e+00 ; -1.9404048782822247e+00; -3.3546184406553197e+00; -3.3546184406553197e+00
# FractureId; NumVertices
7 ; 4
# Vertices
4.2938555695874818e+00 ; 4.2938555695874818e+00; 5.7080691319605776e+00; 5.7080691319605776e+00
4.0000000000000000e+00 ; 6.0000000000000000e+00; 6.0000000000000000e+00; 4.0000000000000000e+00
-1.3629986799048981e+00 ; -1.3629986799048981e+00; -2.7772122422779928e+00; -2.7772122422779928e+00
# FractureId; NumVertices
8 ; 4
# Vertices
3.1923552093734249e+00 ; 3.1923552093734249e+00; 4.6065687717465202e+00; 4.6065687717465202e+00
6.0000000000000000e+00 ; 8.0000000000000000e+00; 8.0000000000000000e+00; 6.0000000000000000e+00
-2.4644990401189553e+00 ; -2.4644990401189553e+00; -3.8787126024920502e+00; -3.8787126024920502e+00
# FractureId; NumVertices
9 ; 4
# Vertices
5.9454234213376580e+00 ; 5.9454234213376580e+00; 7.3596369837107538e+00; 7.3596369837107538e+00
8.0000000000000000e+00 ; 1.0000000000000000e+01; 1.0000000000000000e+01; 8.0000000000000000e+00
2.8856917184527830e-01 ; 2.8856917184527830e-01; -1.1256443905278166e+00; -1.1256443905278166e+00
# FractureId; NumVertices
10 ; 4
# Vertices
4.4538974002032257e+00 ; 4.4538974002032257e+00; 5.8681109625763206e+00; 5.8681109625763206e+00
0.0000000000000000e+00 ; 2.0000000000000000e+00; 2.0000000000000000e+00; 0.0000000000000000e+00
-4.0313839740353448e+00 ; -4.0313839740353448e+00; -5.4455975364084397e+00; -5.4455975364084397e+00
# FractureId; NumVertices
11 ; 4
# Vertices
7.4729393955274448e+00 ; 7.4729393955274448e+00; 8.8871529579005397e+00; 8.8871529579005397e+00
2.0000000000000000e+00 ; 4.0000000000000000e+00; 4.0000000000000000e+00; 2.0000000000000000e+00
-1.0123419787111247e+00 ; -1.0123419787111247e+00; -2.4265555410842197e+00; -2.4265555410842197e+00
# FractureId; NumVertices
12 ; 4
# Vertices
8.8327822674720906e+00 ; 8.8327822674720906e+00; 1.0246995829845185e+01; 1.0246995829845185e+01
4.0000000000000000e+00 ; 6.0000000000000000e+00; 6.0000000000000000e+00; 4.0000000000000000e+00
3.4750089323351929e-01 ; 3.4750089323351929e-01; -1.0667126691395756e+00; -1.0667126691395756e+00
# FractureId; NumVertices
13 ; 4
# Vertices
6.2118431474652667e+00 ; 6.2118431474652667e+00; 7.6260567098383616e+00; 7.6260567098383616e+00
6.0000000000000000e+00 ; 8.0000000000000000e+00; 8.0000000000000000e+00; 6.0000000000000000e+00
-2.2734382267733038e+00 ; -2.2734382267733038e+00; -3.6876517891463987e+00; -3.6876517891463987e+00
# FractureId; NumVertices
14 ; 4
# Vertices
9.0244849571272336e+00 ; 9.0244849571272336e+00; 1.0438698519500328e+01; 1.0438698519500328e+01
8.0000000000000000e+00 ; 1.0000000000000000e+01; 1.0000000000000000e+01; 8.0000000000000000e+00
5.3920358288866410e-01 ; 5.3920358288866410e-01; -8.7500997948443082e-01; -8.7500997948443082e-01
# FractureId; NumVertices
15 ; 4
# Vertices
9.8348852989532851e+00 ; 9.8348852989532851e+00; 1.1249098861326381e+01; 1.1249098861326381e+01
0.0000000000000000e+00 ; 2.0000000000000000e+00; 2.0000000000000000e+00; 0.0000000000000000e+00
-1.4788232000314734e+00 ; -1.4788232000314734e+00; -2.8930367624045683e+00; -2.8930367624045683e+00
# FractureId; NumVertices
16 ; 4
# Vertices
5.8264317660374987e+00 ; 5.8264317660374987e+00; 7.2406453284105936e+00; 7.2406453284105936e+00
2.0000000000000000e+00 ; 4.0000000000000000e+00; 4.0000000000000000e+00; 2.0000000000000000e+00
-5.4872767329472616e+00 ; -5.4872767329472616e+00; -6.9014902953203565e+00; -6.9014902953203565e+00
# FractureId; NumVertices
17 ; 4
# Vertices
9.6085494026141411e+00 ; 9.6085494026141411e+00; 1.1022762964987237e+01; 1.1022762964987237e+01
4.0000000000000000e+00 ; 6.0000000000000000e+00; 6.0000000000000000e+00; 4.0000000000000000e+00
-1.7051590963706178e+00 ; -1.7051590963706178e+00; -3.1193726587437127e+00; -3.1193726587437127e+00
# FractureId; NumVertices
18 ; 4
# Vertices
7.4900458819671218e+00 ; 7.4900458819671218e+00; 8.9042594443402177e+00; 8.9042594443402177e+00
6.0000000000000000e+00 ; 8.0000000000000000e+00; 8.0000000000000000e+00; 6.0000000000000000e+00
-3.8236626170176380e+00 ; -3.8236626170176380e+00; -5.2378761793907334e+00; -5.2378761793907334e+00
# FractureId; NumVertices
19 ; 4
# Vertices
8.5920629623371134e+00 ; 8.5920629623371134e+00; 1.0006276524710207e+01; 1.0006276524710207e+01
8.0000000000000000e+00 ; 1.0000000000000000e+01; 1.0000000000000000e+01; 8.0000000000000000e+00
-2.7216455366476469e+00 ; -2.7216455366476469e+00; -4.1358590990207418e+00; -4.1358590990207418e+00
# FractureId; NumVertices
20 ; 4
# Vertices
-5.9061151719660310e-01 ; -5.9061151719660310e-01; 8.2360204517649205e-01; 8.2360204517649205e-01
0.0000000000000000e+00 ; 2.0000000000000000e+00; 2.0000000000000000e+00; 0.0000000000000000e+00
3.4190386419427936e+00 ; 3.4190386419427936e+00; 4.8332522043158885e+00; 4.8332522043158885e+00
# FractureId; NumVertices
21 ; 4
# Vertices
-3.4870116609933746e+00 ; -3.4870116609933746e+00; -2.0727980986202792e+00; -2.0727980986202792e+00
2.0000000000000000e+00 ; 4.0000000000000000e+00; 4.0000000000000000e+00; 2.0000000000000000e+00
6.3154387857395644e+00 ; 6.3154387857395644e+00; 7.7296523481126593e+00; 7.7296523481126593e+00
# FractureId; NumVertices
22 ; 4
# Vertices
-1.7002645432649544e+00 ; -1.7002645432649544e+00; -2.8605098089185921e-01; -2.8605098089185921e-01
4.0000000000000000e+00 ; 6.0000000000000000e+00; 6.0000000000000000e+00; 4.0000000000000000e+00
4.5286916680111453e+00 ; 4.5286916680111453e+00; 5.9429052303842393e+00; 5.9429052303842393e+00
# FractureId; NumVertices
23 ; 4
# Vertices
3.0499114612265110e-01 ; 3.0499114612265110e-01; 1.7192047084957462e+00; 1.7192047084957462e+00
6.0000000000000000e+00 ; 8.0000000000000000e+00; 8.0000000000000000e+00; 6.0000000000000000e+00
2.5234359786235392e+00 ; 2.5234359786235392e+00; 3.9376495409966341e+00; 3.9376495409966341e+00
# FractureId; NumVertices
24 ; 4
# Vertices
-2.4370365777960208e+00 ; -2.4370365777960208e+00; -1.0228230154229254e+00; -1.0228230154229254e+00
8.0000000000000000e+00 ; 1.0000000000000000e+01; 1.0000000000000000e+01; 8.0000000000000000e+00
5.2654637025422115e+00 ; 5.2654637025422115e+00; 6.6796772649153056e+00; 6.6796772649153056e+00
# FractureId; NumVertices
25 ; 4
# Vertices
-2.6892314897135248e+00 ; -2.6892314897135248e+00; -1.2750179273404294e+00; -1.2750179273404294e+00
0.0000000000000000e+00 ; 2.0000000000000000e+00; 2.0000000000000000e+00; 0.0000000000000000e+00
8.3460857392059058e+00 ; 8.3460857392059058e+00; 9.7602993015789998e+00; 9.7602993015789998e+00
# FractureId; NumVertices
26 ; 4
# Vertices
6.6210981223157939e-01 ; 6.6210981223157939e-01; 2.0763233746046748e+00; 2.0763233746046748e+00
2.0000000000000000e+00 ; 4.0000000000000000e+00; 4.0000000000000000e+00; 2.0000000000000000e+00
4.9947444372608008e+00 ; 4.9947444372608008e+00; 6.4089579996338966e+00; 6.4089579996338966e+00
# FractureId; NumVertices
27 ; 4
# Vertices
1.2589478760835693e+00 ; 1.2589478760835693e+00; 2.6731614384566647e+00; 2.6731614384566647e+00
4.0000000000000000e+00 ; 6.0000000000000000e+00; 6.0000000000000000e+00; 4.0000000000000000e+00
4.3979063734088113e+00 ; 4.3979063734088113e+00; 5.8121199357819062e+00; 5.8121199357819062e+00
# FractureId; NumVertices
28 ; 4
# Vertices
8.5056053515472740e-02 ; 8.5056053515472740e-02; 1.4992696158885681e+00; 1.4992696158885681e+00
6.0000000000000000e+00 ; 8.0000000000000000e+00; 8.0000000000000000e+00; 6.0000000000000000e+00
5.5717981959769078e+00 ; 5.5717981959769078e+00; 6.9860117583500028e+00; 6.9860117583500028e+00
# FractureId; NumVertices
29 ; 4
# Vertices
-3.7928051613390097e+00 ; -3.7928051613390097e+00; -2.3785915989659143e+00; -2.3785915989659143e+00
8.0000000000000000e+00 ; 1.0000000000000000e+01; 1.0000000000000000e+01; 8.0000000000000000e+00
9.4496594108313907e+00 ; 9.4496594108313907e+00; 1.0863872973204487e+01; 1.0863872973204487e+01
# FractureId; NumVertices
30 ; 4
# Vertices
-2.6586891292571213e+00 ; -2.6586891292571213e+00; -1.2444755668840264e+00; -1.2444755668840264e+00
0.0000000000000000e+00 ; 2.0000000000000000e+00; 2.0000000000000000e+00; 0.0000000000000000e+00
1.1143970503495694e+01 ; 1.1143970503495694e+01; 1.2558184065868788e+01; 1.2558184065868788e+01
# FractureId; NumVertices
31 ; 4
# Vertices
-5.1182988085159842e-01 ; -5.1182988085159842e-01; 9.0238368152149651e-01; 9.0238368152149651e-01
2.0000000000000000e+00 ; 4.0000000000000000e+00; 4.0000000000000000e+00; 2.0000000000000000e+00
8.9971112550901697e+00 ; 8.9971112550901697e+00; 1.0411324817463264e+01; 1.0411324817463264e+01
# FractureId; NumVertices
32 ; 4
# Vertices
-2.1413605172208410e+00 ; -2.1413605172208410e+00; -7.2714695484774605e-01; -7.2714695484774605e-01
4.0000000000000000e+00 ; 6.0000000000000000e+00; 6.0000000000000000e+00; 4.0000000000000000e+00
1.0626641891459412e+01 ; 1.0626641891459412e+01; 1.2040855453832506e+01; 1.2040855453832506e+01
# FractureId; NumVertices
33 ; 4
# Vertices
-1.7377210757390937e+00 ; -1.7377210757390937e+00; -3.2350751336599881e-01; -3.2350751336599881e-01
6.0000000000000000e+00 ; 8.0000000000000000e+00; 8.0000000000000000e+00; 6.0000000000000000e+00
1.0223002449977665e+01 ; 1.0223002449977665e+01; 1.1637216012350759e+01; 1.1637216012350759e+01
# FractureId; NumVertices
34 ; 4
# Vertices
1.5698191884016297e+00 ; 1.5698191884016297e+00; 2.9840327507747246e+00; 2.9840327507747246e+00
8.0000000000000000e+00 ; 1.0000000000000000e+01; 1.0000000000000000e+01; 8.0000000000000000e+00
6.9154621858369412e+00 ; 6.9154621858369412e+00; 8.3296757482100361e+00; 8.3296757482100361e+00
# FractureId; NumVertices
35 ; 4
# Vertices
5.0047815263530184e+00 ; 5.0047815263530184e+00; 6.4189950887261134e+00; 6.4189950887261134e+00
0.0000000000000000e+00 ; 2.0000000000000000e+00; 2.0000000000000000e+00; 0.0000000000000000e+00
6.3089269726317418e+00 ; 6.3089269726317418e+00; 7.7231405350048368e+00; 7.7231405350048368e+00
# FractureId; NumVertices
36 ; 4
# Vertices
1.0365414487362354e+00 ; 1.0365414487362354e+00; 2.4507550111093304e+00; 2.4507550111093304e+00
2.0000000000000000e+00 ; 4.0000000000000000e+00; 4.0000000000000000e+00; 2.0000000000000000e+00
1.0277167050248526e+01 ; 1.0277167050248526e+01; 1.1691380612621622e+01; 1.1691380612621622e+01
# FractureId; NumVertices
37 ; 4
# Vertices
1.7123243904209091e+00 ; 1.7123243904209091e+00; 3.1265379527940040e+00; 3.1265379527940040e+00
4.0000000000000000e+00 ; 6.0000000000000000e+00; 6.0000000000000000e+00; 4.0000000000000000e+00
9.6013841085638525e+00 ; 9.6013841085638525e+00; 1.1015597670936947e+01; 1.1015597670936947e+01
# FractureId; NumVertices
38 ; 4
# Vertices
3.1002052914958176e+00 ; 3.1002052914958176e+00; 4.5144188538689125e+00; 4.5144188538689125e+00
6.0000000000000000e+00 ; 8.0000000000000000e+00; 8.0000000000000000e+00; 6.0000000000000000e+00
8.2135032074889427e+00 ; 8.2135032074889427e+00; 9.6277167698620385e+00; 9.6277167698620385e+00
# FractureId; NumVertices
39 ; 4
# Vertices
4.0654785844041221e+00 ; 4.0654785844041221e+00; 5.4796921467772179e+00; 5.4796921467772179e+00
8.0000000000000000e+00 ; 1.0000000000000000e+01; 1.0000000000000000e+01; 8.0000000000000000e+00
7.2482299145806381e+00 ; 7.2482299145806381e+00; 8.6624434769537331e+00; 8.6624434769537331e+00
# FractureId; NumVertices
40 ; 4
# Vertices
1.4603163331972415e+00 ; 1.4603163331972415e+00; 4.6102770824146599e-02; 4.6102770824146599e-02
0.0000000000000000e+00 ; 2.0000000000000000e+00; 2.0000000000000000e+00; 0.0000000000000000e+00
-4.2887434579434309e+00 ; -4.2887434579434309e+00; -5.7029570203165267e+00; -5.7029570203165267e+00
# FractureId; NumVertices
41 ; 4
# Vertices
1.9016947358917906e+00 ; 1.9016947358917906e+00; 4.8748117351869569e-01; 4.8748117351869569e-01
2.0000000000000000e+00 ; 4.0000000000000000e+00; 4.0000000000000000e+00; 2.0000000000000000e+00
-4.7301218606379800e+00 ; -4.7301218606379800e+00; -6.1443354230110749e+00; -6.1443354230110749e+00
# FractureId; NumVertices
42 ; 4
# Vertices
4.8956946880697294e-01 ; 4.8956946880697294e-01; -9.2464409356612198e-01; -9.2464409356612198e-01
4.0000000000000000e+00 ; 6.0000000000000000e+00; 6.0000000000000000e+00; 4.0000000000000000e+00
-3.3179965935531630e+00 ; -3.3179965935531630e+00; -4.7322101559262579e+00; -4.7322101559262579e+00
# FractureId; NumVertices
43 ; 4
# Vertices
6.4907293118729159e-01 ; 6.4907293118729159e-01; -7.6514063118580333e-01; -7.6514063118580333e-01
6.0000000000000000e+00 ; 8.0000000000000000e+00; 8.0000000000000000e+00; 6.0000000000000000e+00
-3.4775000559334810e+00 ; -3.4775000559334810e+00; -4.8917136183065768e+00; -4.8917136183065768e+00
# FractureId; NumVertices
44 ; 4
# Vertices
1.8221180038082232e+00 ; 1.8221180038082232e+00; 4.0790444143512827e-01; 4.0790444143512827e-01
8.0000000000000000e+00 ; 1.0000000000000000e+01; 1.0000000000000000e+01; 8.0000000000000000e+00
-4.6505451285544126e+00 ; -4.6505451285544126e+00; -6.0647586909275084e+00; -6.0647586909275084e+00
# FractureId; NumVertices
45 ; 4
# Vertices
3.2564665281114689e+00 ; 3.2564665281114689e+00; 1.8422529657383739e+00; 1.8422529657383739e+00
0.0000000000000000e+00 ; 2.0000000000000000e+00; 2.0000000000000000e+00; 0.0000000000000000e+00
-8.9133207776038486e+00 ; -8.9133207776038486e+00; -1.0327534339976943e+01; -1.0327534339976943e+01
# FractureId; NumVertices
46 ; 4
# Vertices
1.3170069176488681e+00 ; 1.3170069176488681e+00; -9.7206644724226798e-02; -9.7206644724226798e-02
2.0000000000000000e+00 ; 4.0000000000000000e+00; 4.0000000000000000e+00; 2.0000000000000000e+00
-6.9738611671412478e+00 ; -6.9738611671412478e+00; -8.3880747295143436e+00; -8.3880747295143436e+00
# FractureId; NumVertices
47 ; 4
# Vertices
-8.2386522564724318e-01 ; -8.2386522564724318e-01; -2.2380787880203381e+00; -2.2380787880203381e+00
4.0000000000000000e+00 ; 6.0000000000000000e+00; 6.0000000000000000e+00; 4.0000000000000000e+00
-4.8329890238451370e+00 ; -4.8329890238451370e+00; -6.2472025862182319e+00; -6.2472025862182319e+00
# FractureId; NumVertices
48 ; 4
# Vertices
-8.6282932523742062e-01 ; -8.6282932523742062e-01; -2.2770428876105155e+00; -2.2770428876105155e+00
6.0000000000000000e+00 ; 8.0000000000000000e+00; 8.0000000000000000e+00; 6.0000000000000000e+00
-4.7940249242549591e+00 ; -4.7940249242549591e+00; -6.2082384866280549e+00; -6.2082384866280549e+00
# FractureId; NumVertices
49 ; 4
# Vertices
3.8623640004052318e-01 ; 3.8623640004052318e-01; -1.0279771623325717e+00; -1.0279771623325717e+00
8.0000000000000000e+00 ; 1.0000000000000000e+01; 1.0000000000000000e+01; 8.0000000000000000e+00
-6.0430906495329033e+00 ; -6.0430906495329033e+00; -7.4573042119059982e+00; -7.4573042119059982e+00
# FractureId; NumVertices
50 ; 4
# Vertices
-2.7901702111587623e+00 ; -2.7901702111587623e+00; -4.2043837735318572e+00; -4.2043837735318572e+00
0.0000000000000000e+00 ; 2.0000000000000000e+00; 2.0000000000000000e+00; 0.0000000000000000e+00
-5.6951111630798081e+00 ; -5.6951111630798081e+00; -7.1093247254529031e+00; -7.1093247254529031e+00
# FractureId; NumVertices
51 ; 4
# Vertices
-2.8186781654676514e+00 ; -2.8186781654676514e+00; -4.2328917278407463e+00; -4.2328917278407463e+00
2.0000000000000000e+00 ; 4.0000000000000000e+00; 4.0000000000000000e+00; 2.0000000000000000e+00
-5.6666032087709191e+00 ; -5.6666032087709191e+00; -7.0808167711440131e+00; -7.0808167711440131e+00
# FractureId; NumVertices
52 ; 4
# Vertices
-6.0786392147382706e-01 ; -6.0786392147382706e-01; -2.0220774838469220e+00; -2.0220774838469220e+00
4.0000000000000000e+00 ; 6.0000000000000000e+00; 6.0000000000000000e+00; 4.0000000000000000e+00
-7.8774174527647425e+00 ; -7.8774174527647425e+00; -9.2916310151378383e+00; -9.2916310151378383e+00
# FractureId; NumVertices
53 ; 4
# Vertices
-3.6258359052839939e+00 ; -3.6258359052839939e+00; -5.0400494676570888e+00; -5.0400494676570888e+00
6.0000000000000000e+00 ; 8.0000000000000000e+00; 8.0000000000000000e+00; 6.0000000000000000e+00
-4.8594454689545765e+00 ; -4.8594454689545765e+00; -6.2736590313276714e+00; -6.2736590313276714e+00
# FractureId; NumVertices
54 ; 4
# Vertices
-8.2317459502415069e-01 ; -8.2317459502415069e-01; -2.2373881573972456e+00; -2.2373881573972456e+00
8.0000000000000000e+00 ; 1.0000000000000000e+01; 1.0000000000000000e+01; 8.0000000000000000e+00
-7.6621067792144189e+00 ; -7.6621067792144189e+00; -9.0763203415875147e+00; -9.0763203415875147e+00
# FractureId; NumVertices
55 ; 4
# Vertices
-3.0958816918534171e+00 ; -3.0958816918534171e+00; -4.5100952542265116e+00; -4.5100952542265116e+00
0.0000000000000000e+00 ; 2.0000000000000000e+00; 2.0000000000000000e+00; 0.0000000000000000e+00
-8.2178268071313418e+00 ; -8.2178268071313418e+00; -9.6320403695044376e+00; -9.6320403695044376e+00
# FractureId; NumVertices
56 ; 4
# Vertices
-6.5275415708377160e-01 ; -6.5275415708377160e-01; -2.0669677194568665e+00; -2.0669677194568665e+00
2.0000000000000000e+00 ; 4.0000000000000000e+00; 4.0000000000000000e+00; 2.0000000000000000e+00
-1.0660954341900988e+01 ; -1.0660954341900988e+01; -1.2075167904274082e+01; -1.2075167904274082e+01
# FractureId; NumVertices
57 ; 4
# Vertices
-3.7656106768368058e-01 ; -3.7656106768368058e-01; -1.7907746300567755e+00; -1.7907746300567755e+00
4.0000000000000000e+00 ; 6.0000000000000000e+00; 6.0000000000000000e+00; 4.0000000000000000e+00
-1.0937147431301078e+01 ; -1.0937147431301078e+01; -1.2351360993674174e+01; -1.2351360993674174e+01
# FractureId; NumVertices
58 ; 4
# Vertices
-7.7008933475002195e-01 ; -7.7008933475002195e-01; -2.1843028971231169e+00; -2.1843028971231169e+00
6.0000000000000000e+00 ; 8.0000000000000000e+00; 8.0000000000000000e+00; 6.0000000000000000e+00
-1.0543619164234737e+01 ; -1.0543619164234737e+01; -1.1957832726607833e+01; -1.1957832726607833e+01
# FractureId; NumVertices
59 ; 4
# Vertices
-7.8361280922187593e-01 ; -7.8361280922187593e-01; -2.1978263715949709e+00; -2.1978263715949709e+00
8.0000000000000000e+00 ; 1.0000000000000000e+01; 1.0000000000000000e+01; 8.0000000000000000e+00
-1.0530095689762884e+01 ; -1.0530095689762884e+01; -1.1944309252135978e+01; -1.1944309252135978e+01
# FractureId; NumVertices
60 ; 4
# Vertices
-4.0559653747515272e+00 ; -4.0559653747515272e+00; -5.4701789371246221e+00; -5.4701789371246221e+00
0.0000000000000000e+00 ; 2.0000000000000000e+00; 2.0000000000000000e+00; 0.0000000000000000e+00
-1.2275382500053367e+00 ; -1.2275382500053367e+00; 1.8667531236775847e-01; 1.8667531236775847e-01
# FractureId; NumVertices
61 ; 4
# Vertices
-6.1386400741236704e+00 ; -6.1386400741236704e+00; -7.5528536364967653e+00; -7.5528536364967653e+00
2.0000000000000000e+00 ; 4.0000000000000000e+00; 4.0000000000000000e+00; 2.0000000000000000e+00
-3.3102129493774797e+00 ; -3.3102129493774797e+00; -1.8959993870043843e+00; -1.8959993870043843e+00
# FractureId; NumVertices
62 ; 4
# Vertices
-3.8173065109836366e+00 ; -3.8173065109836366e+00; -5.2315200733567320e+00; -5.2315200733567320e+00
4.0000000000000000e+00 ; 6.0000000000000000e+00; 6.0000000000000000e+00; 4.0000000000000000e+00
-9.8887938623744609e-01 ; -9.8887938623744609e-01; 4.2533417613564906e-01; 4.2533417613564906e-01
# FractureId; NumVertices
63 ; 4
# Vertices
-5.4644778584367595e+00 ; -5.4644778584367595e+00; -6.8786914208098544e+00; -6.8786914208098544e+00
6.0000000000000000e+00 ; 8.0000000000000000e+00; 8.0000000000000000e+00; 6.0000000000000000e+00
-2.6360507336905687e+00 ; -2.6360507336905687e+00; -1.2218371713174734e+00; -1.2218371713174734e+00
# FractureId; NumVertices
64 ; 4
# Vertices
-3.7180180706409960e+00 ; -3.7180180706409960e+00; -5.1322316330140909e+00; -5.1322316330140909e+00
8.0000000000000000e+00 ; 1.0000000000000000e+01; 1.0000000000000000e+01; 8.0000000000000000e+00
-8.8959094589480547e-01 ; -8.8959094589480547e-01; 5.2462261647828967e-01; 5.2462261647828967e-01
# FractureId; NumVertices
65 ; 4
# Vertices
-5.9760779542048228e+00 ; -5.9760779542048228e+00; -7.3902915165779177e+00; -7.3902915165779177e+00
0.0000000000000000e+00 ; 2.0000000000000000e+00; 2.0000000000000000e+00; 0.0000000000000000e+00
-3.1922370471244221e-01 ; -3.1922370471244221e-01; 1.0949898576606532e+00; 1.0949898576606532e+00
# FractureId; NumVertices
66 ; 4
# Vertices
-3.2635023670362706e+00 ; -3.2635023670362706e+00; -4.6777159294093655e+00; -4.6777159294093655e+00
2.0000000000000000e+00 ; 4.0000000000000000e+00; 4.0000000000000000e+00; 2.0000000000000000e+00
2.3933518824561095e+00 ; 2.3933518824561095e+00; 3.8075654448292049e+00; 3.8075654448292049e+00
# FractureId; NumVertices
67 ; 4
# Vertices
-4.5444014912847281e+00 ; -4.5444014912847281e+00; -5.9586150536578231e+00; -5.9586150536578231e+00
4.0000000000000000e+00 ; 6.0000000000000000e+00; 6.0000000000000000e+00; 4.0000000000000000e+00
1.1124527582076522e+00 ; 1.1124527582076522e+00; 2.5266663205807474e+00; 2.5266663205807474e+00
# FractureId; NumVertices
68 ; 4
# Vertices
-9.6986950391847113e+00 ; -9.6986950391847113e+00; -1.1112908601557805e+01; -1.1112908601557805e+01
6.0000000000000000e+00 ; 8.0000000000000000e+00; 8.0000000000000000e+00; 6.0000000000000000e+00
-4.0418407896923298e+00 ; -4.0418407896923298e+00; -2.6276272273192349e+00; -2.6276272273192349e+00
# FractureId; NumVertices
69 ; 4
# Vertices
-4.4589036700859648e+00 ; -4.4589036700859648e+00; -5.8731172324590597e+00; -5.8731172324590597e+00
8.0000000000000000e+00 ; 1.0000000000000000e+01; 1.0000000000000000e+01; 8.0000000000000000e+00
1.1979505794064156e+00 ; 1.1979505794064156e+00; 2.6121641417795107e+00; 2.6121641417795107e+00
# FractureId; NumVertices
70 ; 4
# Vertices
-9.1321250574078086e+00 ; -9.1321250574078086e+00; -1.0546338619780904e+01; -1.0546338619780904e+01
0.0000000000000000e+00 ; 2.0000000000000000e+00; 2.0000000000000000e+00; 0.0000000000000000e+00
-6.4684368316923724e-01 ; -6.4684368316923724e-01; 7.6736987920385769e-01; 7.6736987920385769e-01
# FractureId; NumVertices
71 ; 4
# Vertices
-8.8422066615978423e+00 ; -8.8422066615978423e+00; -1.0256420223970936e+01; -1.0256420223970936e+01
2.0000000000000000e+00 ; 4.0000000000000000e+00; 4.0000000000000000e+00; 2.0000000000000000e+00
-3.5692528735927009e-01 ; -3.5692528735927009e-01; 1.0572882750138248e+00; 1.0572882750138248e+00
# FractureId; NumVertices
72 ; 4
# Vertices
-9.3616634337452567e+00 ; -9.3616634337452567e+00; -1.0775876996118352e+01; -1.0775876996118352e+01
4.0000000000000000e+00 ; 6.0000000000000000e+00; 6.0000000000000000e+00; 4.0000000000000000e+00
-8.7638205950668535e-01 ; -8.7638205950668535e-01; 5.3783150286640957e-01; 5.3783150286640957e-01
# FractureId; NumVertices
73 ; 4
# Vertices
-7.6020244695603019e+00 ; -7.6020244695603019e+00; -9.0162380319333977e+00; -9.0162380319333977e+00
6.0000000000000000e+00 ; 8.0000000000000000e+00; 8.0000000000000000e+00; 6.0000000000000000e+00
8.8325690467826901e-01 ; 8.8325690467826901e-01; 2.2974704670513639e+00; 2.2974704670513639e+00
# FractureId; NumVertices
74 ; 4
# Vertices
-8.4616906982126743e+00 ; -8.4616906982126743e+00; -9.8759042605857701e+00; -9.8759042605857701e+00
8.0000000000000000e+00 ; 1.0000000000000000e+01; 1.0000000000000000e+01; 8.0000000000000000e+00
2.3590676025896151e-02 ; 2.3590676025896151e-02; 1.4378042383989911e+00; 1.4378042383989911e+00
# FractureId; NumVertices
75 ; 4
# Vertices
-6.1303995874429615e+00 ; -6.1303995874429615e+00; -7.5446131498160565e+00; -7.5446131498160565e+00
0.0000000000000000e+00 ; 2.0000000000000000e+00; 2.0000000000000000e+00; 0.0000000000000000e+00
5.1833089115417987e+00 ; 5.1833089115417987e+00; 6.5975224739148937e+00; 6.5975224739148937e+00
# FractureId; NumVertices
76 ; 4
# Vertices
-6.1699460466073210e+00 ; -6.1699460466073210e+00; -7.5841596089804160e+00; -7.5841596089804160e+00
2.0000000000000000e+00 ; 4.0000000000000000e+00; 4.0000000000000000e+00; 2.0000000000000000e+00
5.1437624523774392e+00 ; 5.1437624523774392e+00; 6.5579760147505342e+00; 6.5579760147505342e+00
# FractureId; NumVertices
77 ; 4
# Vertices
-7.0638272243745490e+00 ; -7.0638272243745490e+00; -8.4780407867476431e+00; -8.4780407867476431e+00
4.0000000000000000e+00 ; 6.0000000000000000e+00; 6.0000000000000000e+00; 4.0000000000000000e+00
4.2498812746102121e+00 ; 4.2498812746102121e+00; 5.6640948369833062e+00; 5.6640948369833062e+00
# FractureId; NumVertices
78 ; 4
# Vertices
-6.7306736573172739e+00 ; -6.7306736573172739e+00; -8.1448872196903679e+00; -8.1448872196903679e+00
6.0000000000000000e+00 ; 8.0000000000000000e+00; 8.0000000000000000e+00; 6.0000000000000000e+00
4.5830348416674873e+00 ; 4.5830348416674873e+00; 5.9972484040405813e+00; 5.9972484040405813e+00
# FractureId; NumVertices
79 ; 4
# Vertices
-6.3646988582901232e+00 ; -6.3646988582901232e+00; -7.7789124206632181e+00; -7.7789124206632181e+00
8.0000000000000000e+00 ; 1.0000000000000000e+01; 1.0000000000000000e+01; 8.0000000000000000e+00
4.9490096406946371e+00 ; 4.9490096406946371e+00; 6.3632232030677320e+00; 6.3632232030677320e+00
# FractureId; NumVertices
80 ; 4
# Vertices
1.4142135623730951e+00 ; 1.4142135623730951e+00; -1.4142135623730949e+00; -1.4142135623730949e+00
1.0000000000000000e+01 ; 0.0000000000000000e+00; 0.0000000000000000e+00; 1.0000000000000000e+01
-1.4142135623730949e+00 ; -1.4142135623730949e+00; 1.4142135623730951e+00; 1.4142135623730951e+00
# FractureId; NumVertices
81 ; 4
# Vertices
1.4142135623730951e+00 ; 1.4142135623730951e+00; -1.4142135623730949e+00; -1.4142135623730949e+00
1.0000000000000000e+01 ; 0.0000000000000000e+00; 0.0000000000000000e+00; 1.0000000000000000e+01
1.4142135623730949e+00 ; 1.4142135623730949e+00; -1.4142135623730951e+00; -1.4142135623730951e+00
